# Force coefficients
# liftDir       : (0.00000000e+00 1.00000000e+00 0.00000000e+00)
# dragDir       : (1.00000000e+00 0.00000000e+00 0.00000000e+00)
# pitchAxis     : (0.00000000e+00 0.00000000e+00 1.00000000e+00)
# magUInf       : 1.00000000e+00
# lRef          : 1.00000000e-01
# Aref          : 1.00000000e-03
# CofR          : (2.00000000e-01 2.00000000e-01 0.00000000e+00)
# Time          	Cm              	Cd              	Cl              	Cl(f)           	Cl(r)           
0               	0.00000000e+00	0.00000000e+00	0.00000000e+00	0.00000000e+00	0.00000000e+00
0.01            	-2.68268897e-05	3.71697482e+00	-4.39446362e-03	-2.22405870e-03	-2.17040492e-03
0.02            	-5.94500897e-07	2.71252412e+00	-3.05650784e-03	-1.52884842e-03	-1.52765942e-03
0.03            	1.82849993e-05	2.40143078e+00	-2.99222753e-03	-1.47782876e-03	-1.51439876e-03
0.04            	6.79750847e-05	2.29390924e+00	-3.53269331e-03	-1.69837157e-03	-1.83432174e-03
0.05            	9.28388067e-05	2.27222218e+00	-4.61224662e-03	-2.21328450e-03	-2.39896212e-03
0.06            	1.24515643e-04	2.29591839e+00	-5.92561327e-03	-2.83829099e-03	-3.08732228e-03
0.07            	2.26059045e-04	2.34756391e+00	-6.77561822e-03	-3.16175007e-03	-3.61386816e-03
0.08            	2.88944209e-04	2.41349084e+00	-8.52914836e-03	-3.97562997e-03	-4.55351839e-03
0.09            	3.67196997e-04	2.48890849e+00	-1.02825741e-02	-4.77409006e-03	-5.50848405e-03
0.1             	4.67718466e-04	2.57443704e+00	-1.10418606e-02	-5.05321183e-03	-5.98864876e-03
0.11            	6.06707439e-04	2.65654775e+00	-1.33149621e-02	-6.05077359e-03	-7.26418847e-03
0.12            	7.56140613e-04	2.74019967e+00	-1.16787366e-02	-5.08322769e-03	-6.59550892e-03
0.13            	8.28159088e-04	2.81686468e+00	-1.22462294e-02	-5.29495562e-03	-6.95127380e-03
0.14            	8.93288061e-04	2.89231647e+00	-1.06977543e-02	-4.45558909e-03	-6.24216521e-03
0.15            	8.96849751e-04	2.96602330e+00	-1.11798693e-02	-4.69308490e-03	-6.48678440e-03
0.16            	8.49989124e-04	3.02396521e+00	-8.91831174e-03	-3.60916674e-03	-5.30914499e-03
0.17            	7.95883294e-04	3.06978276e+00	-7.97276593e-03	-3.19049967e-03	-4.78226626e-03
0.18            	7.48006628e-04	3.10488479e+00	-9.52317091e-03	-4.01357883e-03	-5.50959208e-03
0.19            	7.11672121e-04	3.12622223e+00	-8.43778783e-03	-3.50722179e-03	-4.93056603e-03
0.2             	6.97886642e-04	3.14257619e+00	-9.07276124e-03	-3.83849398e-03	-5.23426726e-03
0.21            	6.99514443e-04	3.14392586e+00	-1.06155358e-02	-4.60825346e-03	-6.00728234e-03
0.22            	7.16486065e-04	3.14254285e+00	-1.34553469e-02	-6.01118741e-03	-7.44415954e-03
0.23            	7.41621347e-04	3.13552868e+00	-1.58466249e-02	-7.18169112e-03	-8.66493381e-03
0.24            	7.71252168e-04	3.12606034e+00	-1.96062013e-02	-9.03184849e-03	-1.05743528e-02
0.25            	8.02019699e-04	3.11708475e+00	-2.41709939e-02	-1.12834773e-02	-1.28875167e-02
0.26            	8.30733582e-04	3.10840659e+00	-2.63626294e-02	-1.23505811e-02	-1.40120483e-02
0.27            	8.56237984e-04	3.09923623e+00	-3.07938458e-02	-1.45406849e-02	-1.62531609e-02
0.28            	8.78154677e-04	3.09130385e+00	-3.52614269e-02	-1.67525588e-02	-1.85088681e-02
0.29            	8.94731077e-04	3.08414071e+00	-3.82706140e-02	-1.82405759e-02	-2.00300381e-02
0.3             	9.04155739e-04	3.07775221e+00	-4.25575261e-02	-2.03746073e-02	-2.21829188e-02
0.31            	9.06606893e-04	3.07209597e+00	-4.58393508e-02	-2.20130685e-02	-2.38262823e-02
0.32            	9.01860778e-04	3.06690444e+00	-4.86153333e-02	-2.34058059e-02	-2.52095274e-02
0.33            	8.88871527e-04	3.06227737e+00	-5.03649753e-02	-2.42936161e-02	-2.60713592e-02
0.34            	8.68207867e-04	3.05788006e+00	-5.23601007e-02	-2.53118425e-02	-2.70482582e-02
0.35            	8.40288739e-04	3.05397393e+00	-5.32445076e-02	-2.57819651e-02	-2.74625425e-02
0.36            	8.05351724e-04	3.05059104e+00	-5.35139485e-02	-2.59516225e-02	-2.75623260e-02
0.37            	7.63662913e-04	3.04734460e+00	-5.25738103e-02	-2.55232422e-02	-2.70505681e-02
0.38            	7.16061975e-04	3.04400871e+00	-5.12230348e-02	-2.48954554e-02	-2.63275794e-02
0.39            	6.63585501e-04	3.04092281e+00	-4.90064737e-02	-2.38396514e-02	-2.51668224e-02
0.4             	6.07461390e-04	3.03813546e+00	-4.58372559e-02	-2.23111666e-02	-2.35260894e-02
0.41            	5.49100309e-04	3.03531056e+00	-4.19816214e-02	-2.04417104e-02	-2.15399110e-02
0.42            	4.90208467e-04	3.03278890e+00	-3.74724366e-02	-1.82460098e-02	-1.92264268e-02
0.43            	4.32330301e-04	3.03024840e+00	-3.22708697e-02	-1.57031046e-02	-1.65677652e-02
0.44            	3.76697010e-04	3.02793107e+00	-2.63717524e-02	-1.28091792e-02	-1.35625732e-02
0.45            	3.24878681e-04	3.02571344e+00	-2.01610225e-02	-9.75563255e-03	-1.04053899e-02
0.46            	2.78198227e-04	3.02360412e+00	-1.36338549e-02	-6.53872925e-03	-7.09512570e-03
0.47            	2.37913056e-04	3.02167511e+00	-6.76261962e-03	-3.14339675e-03	-3.61922286e-03
0.48            	2.05462852e-04	3.01978727e+00	-1.96459801e-06	2.04480553e-04	-2.06445151e-04
0.49            	1.82378893e-04	3.01806057e+00	6.83916176e-03	3.60195977e-03	3.23720199e-03
0.5             	1.69439097e-04	3.01638089e+00	1.32619727e-02	6.80042543e-03	6.46154723e-03
0.51            	1.67327176e-04	3.01487633e+00	1.92729141e-02	9.80378421e-03	9.46912986e-03
0.52            	1.76384435e-04	3.01349280e+00	2.49829092e-02	1.26678391e-02	1.23150702e-02
0.53            	1.96960121e-04	3.01214859e+00	2.97598189e-02	1.50768696e-02	1.46829494e-02
0.54            	2.28976888e-04	3.01093985e+00	3.37332255e-02	1.70955897e-02	1.66376359e-02
0.55            	2.71888833e-04	3.00982505e+00	3.66757391e-02	1.86097584e-02	1.80659807e-02
0.56            	3.25329279e-04	3.00864384e+00	3.85787615e-02	1.96147100e-02	1.89640515e-02
0.57            	3.88279873e-04	3.00759779e+00	3.92758540e-02	2.00262069e-02	1.92496471e-02
0.58            	4.59853771e-04	3.00667601e+00	3.87077709e-02	1.98137392e-02	1.88940317e-02
0.59            	5.38713766e-04	3.00574954e+00	3.69632248e-02	1.90203262e-02	1.79428986e-02
0.6             	6.23313735e-04	3.00487485e+00	3.39347706e-02	1.75906991e-02	1.63440716e-02
0.61            	7.11659595e-04	3.00407729e+00	2.97547155e-02	1.55890173e-02	1.41656981e-02
0.62            	8.01842767e-04	3.00329440e+00	2.43142157e-02	1.29589506e-02	1.13552651e-02
0.63            	8.91711636e-04	3.00262714e+00	1.78557167e-02	9.81957000e-03	8.03614672e-03
0.64            	9.78931481e-04	3.00193686e+00	1.03449185e-02	6.15139075e-03	4.19352779e-03
0.65            	1.06133523e-03	3.00128262e+00	2.31643116e-03	2.21955081e-03	9.68803534e-05
0.66            	1.13673683e-03	3.00067803e+00	-6.48488582e-03	-2.10570608e-03	-4.37917974e-03
0.67            	1.20299522e-03	3.00006710e+00	-1.56476233e-02	-6.62081644e-03	-9.02680688e-03
0.68            	1.25819277e-03	2.99951001e+00	-2.50796147e-02	-1.12816146e-02	-1.37980001e-02
0.69            	1.30079292e-03	2.99899058e+00	-3.41805987e-02	-1.57895064e-02	-1.83910922e-02
0.7             	1.32900304e-03	2.99851742e+00	-4.30054333e-02	-2.01737136e-02	-2.28317197e-02
0.71            	1.34200277e-03	2.99809909e+00	-5.14951690e-02	-2.44055818e-02	-2.70895873e-02
0.72            	1.33914128e-03	2.99770722e+00	-5.89959486e-02	-2.81588330e-02	-3.08371156e-02
0.73            	1.31987409e-03	2.99737559e+00	-6.57336432e-02	-3.15469475e-02	-3.41866957e-02
0.74            	1.28428416e-03	2.99705322e+00	-7.11981157e-02	-3.43147737e-02	-3.68833420e-02
0.75            	1.23288330e-03	2.99674746e+00	-7.51491315e-02	-3.63416825e-02	-3.88074491e-02
0.76            	1.16634180e-03	2.99647044e+00	-7.77944336e-02	-3.77308750e-02	-4.00635586e-02
0.77            	1.08602112e-03	2.99627235e+00	-7.87946163e-02	-3.83112870e-02	-4.04833292e-02
0.78            	9.93447907e-04	2.99598512e+00	-7.80417946e-02	-3.80274494e-02	-4.00143452e-02
0.79            	8.90926431e-04	2.99574976e+00	-7.54724933e-02	-3.68453202e-02	-3.86271731e-02
0.8             	7.80873859e-04	2.99550258e+00	-7.13590613e-02	-3.48986568e-02	-3.64604045e-02
0.81            	6.65885843e-04	2.99529580e+00	-6.57310217e-02	-3.21996250e-02	-3.35313967e-02
0.82            	5.48763092e-04	2.99511781e+00	-5.83365591e-02	-2.86195165e-02	-2.97170427e-02
0.83            	4.32896026e-04	2.99489203e+00	-4.96413379e-02	-2.43877729e-02	-2.52535650e-02
0.84            	3.21209609e-04	2.99461274e+00	-3.98073013e-02	-1.95824410e-02	-2.02248602e-02
0.85            	2.16877456e-04	2.99441181e+00	-2.90200789e-02	-1.42931620e-02	-1.47269169e-02
0.86            	1.22569001e-04	2.99426354e+00	-1.75285875e-02	-8.64172475e-03	-8.88686276e-03
0.87            	4.12119748e-05	2.99407188e+00	-5.77065562e-03	-2.84411583e-03	-2.92653978e-03
0.88            	-2.46067537e-05	2.99385855e+00	6.02077107e-03	2.98577878e-03	3.03499229e-03
0.89            	-7.26364491e-05	2.99367933e+00	1.74627186e-02	8.65872284e-03	8.80399573e-03
0.9             	-1.01152378e-04	2.99356046e+00	2.84543132e-02	1.41260042e-02	1.43283090e-02
0.91            	-1.09103720e-04	2.99343283e+00	3.85693400e-02	1.91755663e-02	1.93937737e-02
0.92            	-9.61850896e-05	2.99338409e+00	4.74408973e-02	2.36242636e-02	2.38166337e-02
0.93            	-6.19887407e-05	2.99326907e+00	5.49100472e-02	2.73930348e-02	2.75170123e-02
0.94            	-6.91496270e-06	2.99315716e+00	6.06070213e-02	3.02965957e-02	3.03104256e-02
0.95            	6.79782742e-05	2.99308039e+00	6.42735654e-02	3.22047610e-02	3.20688044e-02
0.96            	1.61141332e-04	2.99301575e+00	6.59886886e-02	3.31554856e-02	3.28332030e-02
0.97            	2.70341681e-04	2.99298968e+00	6.55557130e-02	3.30481982e-02	3.25075148e-02
0.98            	3.92817218e-04	2.99293203e+00	6.29168931e-02	3.18512638e-02	3.10656293e-02
0.99            	5.25848231e-04	2.99288805e+00	5.78058291e-02	2.94287628e-02	2.83770663e-02
1               	6.66174908e-04	2.99282687e+00	5.06220146e-02	2.59771822e-02	2.46448324e-02
1.01            	8.09780040e-04	2.99272584e+00	4.15659856e-02	2.15927729e-02	1.99732128e-02
1.02            	9.52476547e-04	2.99268002e+00	3.05092010e-02	1.62070771e-02	1.43021240e-02
1.03            	1.09080123e-03	2.99264289e+00	1.80455720e-02	1.01135872e-02	7.93198478e-03
1.04            	1.22051932e-03	2.99264295e+00	4.47454623e-03	3.45779244e-03	1.01675379e-03
1.05            	1.33766809e-03	2.99262983e+00	-9.99419834e-03	-3.65943107e-03	-6.33476726e-03
1.06            	1.43870395e-03	2.99255971e+00	-2.52619899e-02	-1.11922910e-02	-1.40696989e-02
1.07            	1.51967626e-03	2.99257353e+00	-4.02878872e-02	-1.86242674e-02	-2.16636199e-02
1.08            	1.57800545e-03	2.99258589e+00	-5.51551003e-02	-2.59995447e-02	-2.91555556e-02
1.09            	1.61154385e-03	2.99261807e+00	-6.91875501e-02	-3.29822312e-02	-3.62053189e-02
1.1             	1.61857733e-03	2.99273647e+00	-8.19281116e-02	-3.93454785e-02	-4.25826331e-02
1.11            	1.59811980e-03	2.99286483e+00	-9.31085610e-02	-4.49561607e-02	-4.81524003e-02
1.12            	1.54986666e-03	2.99294288e+00	-1.02444238e-01	-4.96722523e-02	-5.27719856e-02
1.13            	1.47455040e-03	2.99312107e+00	-1.09551886e-01	-5.33013924e-02	-5.62504932e-02
1.14            	1.37394554e-03	2.99334937e+00	-1.13826160e-01	-5.55391345e-02	-5.82870255e-02
1.15            	1.24971469e-03	2.99347236e+00	-1.15512107e-01	-5.65063386e-02	-5.90057680e-02
1.16            	1.10456846e-03	2.99366203e+00	-1.14120481e-01	-5.59556721e-02	-5.81648090e-02
1.17            	9.42290121e-04	2.99373853e+00	-1.10161804e-01	-5.41386118e-02	-5.60231921e-02
1.18            	7.66830017e-04	2.99394281e+00	-1.02840415e-01	-5.06533775e-02	-5.21870375e-02
1.19            	5.82758841e-04	2.99399362e+00	-9.29261055e-02	-4.58802939e-02	-4.70458116e-02
1.2             	3.95188600e-04	2.99400637e+00	-8.01240040e-02	-3.96668134e-02	-4.04571906e-02
1.21            	2.09827788e-04	2.99421278e+00	-6.55183415e-02	-3.25493430e-02	-3.29689986e-02
1.22            	3.23908938e-05	2.99429028e+00	-4.88075375e-02	-2.43713778e-02	-2.44361596e-02
1.23            	-1.32021672e-04	2.99432683e+00	-3.02028092e-02	-1.52334263e-02	-1.49693829e-02
1.24            	-2.78380568e-04	2.99436136e+00	-1.10584536e-02	-5.80760735e-03	-5.25084621e-03
1.25            	-4.00643961e-04	2.99448186e+00	9.15836690e-03	4.17853949e-03	4.97982741e-03
1.26            	-4.95459115e-04	2.99455672e+00	2.88981774e-02	1.39536296e-02	1.49445478e-02
1.27            	-5.59402582e-04	2.99476767e+00	4.81069110e-02	2.34940529e-02	2.46128581e-02
1.28            	-5.89771862e-04	2.99486136e+00	6.62531642e-02	3.25368102e-02	3.37163540e-02
1.29            	-5.84489578e-04	2.99515434e+00	8.25918993e-02	4.07114601e-02	4.18804393e-02
1.3             	-5.42339020e-04	2.99533658e+00	9.65424283e-02	4.77288751e-02	4.88135532e-02
1.31            	-4.63524521e-04	2.99571115e+00	1.07751055e-01	5.34120028e-02	5.43390519e-02
1.32            	-3.49400301e-04	2.99594508e+00	1.15547779e-01	5.74244892e-02	5.81232898e-02
1.33            	-2.02606007e-04	2.99638187e+00	1.19829126e-01	5.97119568e-02	6.01171688e-02
1.34            	-2.59953806e-05	2.99667322e+00	1.20489719e-01	6.02188643e-02	6.02708551e-02
1.35            	1.76368528e-04	2.99685938e+00	1.16887566e-01	5.86201514e-02	5.82674143e-02
1.36            	3.99033793e-04	2.99730126e+00	1.09118321e-01	5.49581945e-02	5.41601269e-02
1.37            	6.36399855e-04	2.99755857e+00	9.77072299e-02	4.94900148e-02	4.82172151e-02
1.38            	8.82079038e-04	2.99793605e+00	8.27382999e-02	4.22512290e-02	4.04870709e-02
1.39            	1.12927648e-03	2.99812194e+00	6.40555348e-02	3.31570439e-02	3.08984909e-02
1.4             	1.37038833e-03	2.99830720e+00	4.25448745e-02	2.26428256e-02	1.99020489e-02
1.41            	1.59734267e-03	2.99855791e+00	1.87526380e-02	1.09736617e-02	7.77897634e-03
1.42            	1.80328081e-03	2.99885522e+00	-6.98440263e-03	-1.68892050e-03	-5.29548212e-03
1.43            	1.98114036e-03	2.99904394e+00	-3.38368348e-02	-1.49372770e-02	-1.88995578e-02
1.44            	2.12497833e-03	2.99938413e+00	-6.11131868e-02	-2.84316151e-02	-3.26815717e-02
1.45            	2.22924631e-03	2.99996651e+00	-8.73573515e-02	-4.14494294e-02	-4.59079221e-02
1.46            	2.28991621e-03	3.00047321e+00	-1.12626672e-01	-5.40234199e-02	-5.86032524e-02
1.47            	2.30351736e-03	3.00100107e+00	-1.35545558e-01	-6.54692615e-02	-7.00762962e-02
1.48            	2.26761630e-03	3.00178500e+00	-1.55306109e-01	-7.53854382e-02	-7.99206708e-02
1.49            	2.18127332e-03	3.00268431e+00	-1.71966790e-01	-8.38021217e-02	-8.81646683e-02
1.5             	2.04580372e-03	3.00336330e+00	-1.84383265e-01	-9.01458286e-02	-9.42374361e-02
1.51            	1.86372062e-03	3.00436359e+00	-1.91530699e-01	-9.39016287e-02	-9.76290699e-02
1.52            	1.63916010e-03	3.00510808e+00	-1.93661051e-01	-9.51913655e-02	-9.84696856e-02
1.53            	1.37728419e-03	3.00569582e+00	-1.90011303e-01	-9.36283675e-02	-9.63829358e-02
1.54            	1.08555067e-03	3.00669599e+00	-1.81383007e-01	-8.96059527e-02	-9.17770540e-02
1.55            	7.71431879e-04	3.00719210e+00	-1.66786225e-01	-8.26216808e-02	-8.41645445e-02
1.56            	4.43936535e-04	3.00820202e+00	-1.47591529e-01	-7.33518280e-02	-7.42397010e-02
1.57            	1.11561162e-04	3.00858666e+00	-1.23476381e-01	-6.16266293e-02	-6.18497517e-02
1.58            	-2.16888041e-04	3.00929795e+00	-9.49660582e-02	-4.76999171e-02	-4.72661411e-02
1.59            	-5.28639856e-04	3.00969208e+00	-6.27620684e-02	-3.19096740e-02	-3.08523943e-02
1.6             	-8.13402806e-04	3.01010012e+00	-2.81687036e-02	-1.48977546e-02	-1.32709490e-02
1.61            	-1.06059266e-03	3.01046793e+00	8.22522799e-03	3.05202134e-03	5.17320665e-03
1.62            	-1.26268211e-03	3.01106404e+00	4.49204725e-02	2.11975541e-02	2.37229184e-02
1.63            	-1.41143980e-03	3.01162497e+00	8.11204939e-02	3.91488071e-02	4.19716867e-02
1.64            	-1.50083978e-03	3.01246533e+00	1.15404670e-01	5.62014950e-02	5.92031746e-02
1.65            	-1.52660103e-03	3.01346001e+00	1.46710127e-01	7.18284626e-02	7.48816647e-02
1.66            	-1.48535186e-03	3.01458779e+00	1.73694873e-01	8.53620849e-02	8.83327886e-02
1.67            	-1.37710913e-03	3.01586613e+00	1.96001718e-01	9.66237500e-02	9.93779682e-02
1.68            	-1.20142203e-03	3.01702049e+00	2.12499747e-01	1.05048451e-01	1.07451295e-01
1.69            	-9.60787413e-04	3.01831710e+00	2.21985072e-01	1.10031749e-01	1.11953323e-01
1.7             	-6.62859298e-04	3.01979806e+00	2.23945582e-01	1.11309932e-01	1.12635650e-01
1.71            	-3.16338610e-04	3.02075635e+00	2.18917952e-01	1.09142637e-01	1.09775314e-01
1.72            	7.18006172e-05	3.02219822e+00	2.05820356e-01	1.02981979e-01	1.02838377e-01
1.73            	4.90034305e-04	3.02317694e+00	1.85705166e-01	9.33426174e-02	9.23625488e-02
1.74            	9.25474060e-04	3.02436708e+00	1.58578619e-01	8.02147837e-02	7.83638356e-02
1.75            	1.36535384e-03	3.02481470e+00	1.24720215e-01	6.37254611e-02	6.09947534e-02
1.76            	1.79594385e-03	3.02539646e+00	8.54308172e-02	4.45113524e-02	4.09194647e-02
1.77            	2.20402646e-03	3.02604384e+00	4.12676870e-02	2.28378700e-02	1.84298170e-02
1.78            	2.57429779e-03	3.02660556e+00	-5.99692077e-03	-4.24162593e-04	-5.57275817e-03
1.79            	2.89374236e-03	3.02723773e+00	-5.49595609e-02	-2.45860381e-02	-3.03735228e-02
1.8             	3.15271881e-03	3.02815810e+00	-1.03567621e-01	-4.86310917e-02	-5.49365293e-02
1.81            	3.33999799e-03	3.02907095e+00	-1.51342241e-01	-7.23311227e-02	-7.90111186e-02
1.82            	3.44625690e-03	3.03048839e+00	-1.95868037e-01	-9.44877617e-02	-1.01380276e-01
1.83            	3.46788969e-03	3.03223674e+00	-2.35006340e-01	-1.14035280e-01	-1.20971060e-01
1.84            	3.39891586e-03	3.03390557e+00	-2.68783746e-01	-1.30992957e-01	-1.37790789e-01
1.85            	3.23800556e-03	3.03604685e+00	-2.94932635e-01	-1.44228312e-01	-1.50704323e-01
1.86            	2.98949518e-03	3.03783035e+00	-3.12937680e-01	-1.53479345e-01	-1.59458335e-01
1.87            	2.65777213e-03	3.04025922e+00	-3.20518064e-01	-1.57601260e-01	-1.62916804e-01
1.88            	2.25352783e-03	3.04193517e+00	-3.19541442e-01	-1.57517193e-01	-1.62024249e-01
1.89            	1.78867394e-03	3.04392310e+00	-3.07328189e-01	-1.51875420e-01	-1.55452768e-01
1.9             	1.27338118e-03	3.04575641e+00	-2.86058134e-01	-1.41755686e-01	-1.44302448e-01
1.91            	7.25760290e-04	3.04687549e+00	-2.54760879e-01	-1.26654679e-01	-1.28106200e-01
1.92            	1.62123233e-04	3.04772030e+00	-2.14666728e-01	-1.07171241e-01	-1.07495487e-01
1.93            	-4.02629181e-04	3.04847938e+00	-1.66866085e-01	-8.38356716e-02	-8.30304133e-02
1.94            	-9.46775640e-04	3.04878472e+00	-1.12767012e-01	-5.73302816e-02	-5.54367303e-02
1.95            	-1.45052661e-03	3.04906069e+00	-5.35735414e-02	-2.82372973e-02	-2.53362441e-02
1.96            	-1.89662532e-03	3.04917502e+00	8.22195254e-03	2.21435095e-03	6.00760159e-03
1.97            	-2.26934471e-03	3.04981754e+00	7.04183994e-02	3.29398550e-02	3.74785444e-02
1.98            	-2.55304813e-03	3.05049370e+00	1.31597178e-01	6.32455410e-02	6.83516373e-02
1.99            	-2.73737188e-03	3.05141651e+00	1.88920895e-01	9.17230758e-02	9.71978195e-02
2               	-2.81456077e-03	3.05332978e+00	2.40849193e-01	1.17610036e-01	1.23239157e-01
2.01            	-2.78097095e-03	3.05491504e+00	2.86062041e-01	1.40250049e-01	1.45811991e-01
2.02            	-2.63326049e-03	3.05701705e+00	3.21735325e-01	1.58234402e-01	1.63500923e-01
2.03            	-2.36948298e-03	3.05983185e+00	3.45596057e-01	1.70428546e-01	1.75167512e-01
2.04            	-1.99894220e-03	3.06225360e+00	3.59054117e-01	1.77528116e-01	1.81526000e-01
2.05            	-1.53322842e-03	3.06435631e+00	3.59434455e-01	1.78183999e-01	1.81250456e-01
2.06            	-9.85917895e-04	3.06692071e+00	3.47747185e-01	1.72887675e-01	1.74859510e-01
2.07            	-3.73589515e-04	3.06887194e+00	3.23180320e-01	1.61216570e-01	1.61963749e-01
2.08            	2.86089555e-04	3.07030603e+00	2.86214077e-01	1.43393128e-01	1.42820949e-01
2.09            	9.71275443e-04	3.07092894e+00	2.38115875e-01	1.20029213e-01	1.18086662e-01
2.1             	1.66065976e-03	3.07097434e+00	1.81282429e-01	9.23018744e-02	8.89805549e-02
2.11            	2.33068071e-03	3.07072144e+00	1.16383265e-01	6.05223130e-02	5.58609516e-02
2.12            	2.95722323e-03	3.07080428e+00	4.59786544e-02	2.59465504e-02	2.00321040e-02
2.13            	3.52048648e-03	3.07024639e+00	-2.94105619e-02	-1.11847945e-02	-1.82257674e-02
2.14            	3.99867310e-03	3.07013927e+00	-1.05077633e-01	-4.85401435e-02	-5.65374897e-02
2.15            	4.37285487e-03	3.07074130e+00	-1.78990214e-01	-8.51222521e-02	-9.38679619e-02
2.16            	4.63039055e-03	3.07177414e+00	-2.48865381e-01	-1.19802300e-01	-1.29063081e-01
2.17            	4.76017913e-03	3.07369549e+00	-3.11577681e-01	-1.51028661e-01	-1.60549020e-01
2.18            	4.75516497e-03	3.07557817e+00	-3.65531064e-01	-1.78010367e-01	-1.87520697e-01
2.19            	4.60978274e-03	3.07829295e+00	-4.08402177e-01	-1.99591306e-01	-2.08810871e-01
2.2             	4.32358517e-03	3.08159694e+00	-4.38528577e-01	-2.14940703e-01	-2.23587874e-01
2.21            	3.90829347e-03	3.08482998e+00	-4.54285804e-01	-2.23234609e-01	-2.31051196e-01
2.22            	3.38039081e-03	3.08722176e+00	-4.55787952e-01	-2.24513585e-01	-2.31274367e-01
2.23            	2.75325922e-03	3.09051552e+00	-4.41737180e-01	-2.18115331e-01	-2.23621849e-01
2.24            	2.04591591e-03	3.09281015e+00	-4.13649836e-01	-2.04779002e-01	-2.08870834e-01
2.25            	1.28062468e-03	3.09336870e+00	-3.70627376e-01	-1.84033063e-01	-1.86594313e-01
2.26            	4.83732840e-04	3.09368756e+00	-3.15621816e-01	-1.57327175e-01	-1.58294641e-01
2.27            	-3.20846538e-04	3.09363866e+00	-2.48755891e-01	-1.24698792e-01	-1.24057099e-01
2.28            	-1.10885200e-03	3.09246814e+00	-1.72682147e-01	-8.74499256e-02	-8.52322216e-02
2.29            	-1.84837818e-03	3.09143508e+00	-9.01242499e-02	-4.69105031e-02	-4.32137468e-02
2.3             	-2.51512565e-03	3.08981994e+00	-3.83064565e-03	-4.43044847e-03	5.99802824e-04
2.31            	-3.08184728e-03	3.08947406e+00	8.29362539e-02	3.83862797e-02	4.45499742e-02
2.32            	-3.52439754e-03	3.08876394e+00	1.68368577e-01	8.06598907e-02	8.77086858e-02
2.33            	-3.83035174e-03	3.08941030e+00	2.48103794e-01	1.20221545e-01	1.27882249e-01
2.34            	-3.98811961e-03	3.09138107e+00	3.20272095e-01	1.56147928e-01	1.64124167e-01
2.35            	-3.99385453e-03	3.09365858e+00	3.81490065e-01	1.86751178e-01	1.94738887e-01
2.36            	-3.84152311e-03	3.09631319e+00	4.30215018e-01	2.11265986e-01	2.18949032e-01
2.37            	-3.52624163e-03	3.10019938e+00	4.63744270e-01	2.28345894e-01	2.35398377e-01
2.38            	-3.06088726e-03	3.10309095e+00	4.81297835e-01	2.37588030e-01	2.43709805e-01
2.39            	-2.46233308e-03	3.10662306e+00	4.81207210e-01	2.38141272e-01	2.43065938e-01
2.4             	-1.75272461e-03	3.10984976e+00	4.64573987e-01	2.30534269e-01	2.34039718e-01
2.41            	-9.52340306e-04	3.11200840e+00	4.31571806e-01	2.14833563e-01	2.16738243e-01
2.42            	-9.06457466e-05	3.11193844e+00	3.82545715e-01	1.91182212e-01	1.91363503e-01
2.43            	8.09907788e-04	3.11188608e+00	3.18723717e-01	1.60171766e-01	1.58551951e-01
2.44            	1.71660940e-03	3.11111603e+00	2.42550174e-01	1.22991696e-01	1.19558477e-01
2.45            	2.60076607e-03	3.10912834e+00	1.56323681e-01	8.07626067e-02	7.55610745e-02
2.46            	3.43231395e-03	3.10725179e+00	6.37864896e-02	3.53255587e-02	2.84609308e-02
2.47            	4.18073773e-03	3.10535606e+00	-3.24962116e-02	-1.20673681e-02	-2.04288435e-02
2.48            	4.82106435e-03	3.10410877e+00	-1.29390080e-01	-5.98739755e-02	-6.95161042e-02
2.49            	5.32092580e-03	3.10351359e+00	-2.23704622e-01	-1.06531385e-01	-1.17173237e-01
2.5             	5.66737839e-03	3.10436174e+00	-3.11905994e-01	-1.50285619e-01	-1.61620375e-01
2.51            	5.84680786e-03	3.10587925e+00	-3.90813370e-01	-1.89559877e-01	-2.01253493e-01
2.52            	5.85721528e-03	3.10864119e+00	-4.58042048e-01	-2.23163809e-01	-2.34878239e-01
2.53            	5.68902534e-03	3.11184319e+00	-5.10517680e-01	-2.49569814e-01	-2.60947865e-01
2.54            	5.33831462e-03	3.11679307e+00	-5.46372378e-01	-2.67847875e-01	-2.78524504e-01
2.55            	4.82373142e-03	3.11980152e+00	-5.64298295e-01	-2.77325416e-01	-2.86972879e-01
2.56            	4.16601845e-03	3.12395757e+00	-5.63185124e-01	-2.77426543e-01	-2.85758580e-01
2.57            	3.39046577e-03	3.12686048e+00	-5.44015079e-01	-2.68617074e-01	-2.75398005e-01
2.58            	2.51321832e-03	3.12834829e+00	-5.06008738e-01	-2.50491150e-01	-2.55517587e-01
2.59            	1.56836256e-03	3.12916260e+00	-4.51352373e-01	-2.24107824e-01	-2.27244549e-01
2.6             	5.85117117e-04	3.12847929e+00	-3.80166218e-01	-1.89497992e-01	-1.90668226e-01
2.61            	-4.06931620e-04	3.12655510e+00	-2.96230889e-01	-1.48522376e-01	-1.47708513e-01
2.62            	-1.38108077e-03	3.12319175e+00	-2.02143494e-01	-1.02452828e-01	-9.96906664e-02
2.63            	-2.29679169e-03	3.12080807e+00	-1.00593592e-01	-5.25935875e-02	-4.80000041e-02
2.64            	-3.11972056e-03	3.11778793e+00	4.98316334e-03	-6.28138895e-04	5.61130223e-03
2.65            	-3.82425395e-03	3.11620464e+00	1.10080698e-01	5.12160951e-02	5.88646030e-02
2.66            	-4.37055894e-03	3.11511268e+00	2.13186269e-01	1.02222575e-01	1.10963693e-01
2.67            	-4.74695087e-03	3.11518001e+00	3.08619678e-01	1.49562888e-01	1.59056790e-01
2.68            	-4.94225347e-03	3.11708294e+00	3.93699612e-01	1.91907553e-01	2.01792060e-01
2.69            	-4.95415200e-03	3.12061534e+00	4.64844624e-01	2.27468160e-01	2.37376464e-01
2.7             	-4.77231053e-03	3.12452377e+00	5.21015660e-01	2.55735519e-01	2.65280140e-01
2.71            	-4.39076605e-03	3.12913021e+00	5.57555378e-01	2.74386923e-01	2.83168455e-01
2.72            	-3.82686471e-03	3.13242532e+00	5.76574074e-01	2.84460172e-01	2.92113902e-01
2.73            	-3.10840983e-03	3.13709289e+00	5.73308443e-01	2.83545812e-01	2.89762631e-01
2.74            	-2.25608143e-03	3.14012397e+00	5.51112019e-01	2.73299928e-01	2.77812091e-01
2.75            	-1.30508370e-03	3.14159860e+00	5.08504961e-01	2.52947397e-01	2.55557564e-01
2.76            	-2.79117027e-04	3.14168059e+00	4.47820137e-01	2.23630951e-01	2.24189185e-01
2.77            	7.84531781e-04	3.14025811e+00	3.70391586e-01	1.85980325e-01	1.84411261e-01
2.78            	1.85351525e-03	3.13783845e+00	2.79418682e-01	1.41562856e-01	1.37855826e-01
2.79            	2.89571000e-03	3.13440202e+00	1.77746705e-01	9.17690623e-02	8.59776423e-02
2.8             	3.87613449e-03	3.13035577e+00	6.90659013e-02	3.84090852e-02	3.06568162e-02
2.81            	4.75347261e-03	3.12755938e+00	-4.44476635e-02	-1.74703592e-02	-2.69773044e-02
2.82            	5.50070019e-03	3.12489925e+00	-1.56848956e-01	-7.29237778e-02	-8.39251782e-02
2.83            	6.08285721e-03	3.12438946e+00	-2.65862291e-01	-1.26848288e-01	-1.39014003e-01
2.84            	6.48524376e-03	3.12515640e+00	-3.66994093e-01	-1.77011803e-01	-1.89982290e-01
2.85            	6.69072659e-03	3.12713982e+00	-4.55637634e-01	-2.21128090e-01	-2.34509544e-01
2.86            	6.69690465e-03	3.13117500e+00	-5.31813299e-01	-2.59209745e-01	-2.72603554e-01
2.87            	6.49885175e-03	3.13532365e+00	-5.89602557e-01	-2.88302427e-01	-3.01300130e-01
2.88            	6.09013657e-03	3.13990761e+00	-6.27837405e-01	-3.07828566e-01	-3.20008839e-01
2.89            	5.49312221e-03	3.14416062e+00	-6.45663892e-01	-3.17338824e-01	-3.28325068e-01
2.9             	4.73186494e-03	3.14869849e+00	-6.40904940e-01	-3.15720605e-01	-3.25184335e-01
2.91            	3.83527927e-03	3.15231704e+00	-6.17050082e-01	-3.04689762e-01	-3.12360320e-01
2.92            	2.83030149e-03	3.15380956e+00	-5.71629466e-01	-2.82984432e-01	-2.88645035e-01
2.93            	1.74793248e-03	3.15316936e+00	-5.06405893e-01	-2.51455014e-01	-2.54950879e-01
2.94            	6.23078196e-04	3.15149707e+00	-4.23882615e-01	-2.11318229e-01	-2.12564386e-01
2.95            	-5.09585952e-04	3.14757045e+00	-3.27476411e-01	-1.64247792e-01	-1.63228620e-01
2.96            	-1.61749693e-03	3.14366374e+00	-2.19965113e-01	-1.11600054e-01	-1.08365060e-01
2.97            	-2.65600338e-03	3.13896021e+00	-1.04928252e-01	-5.51201293e-02	-4.98081225e-02
2.98            	-3.59060102e-03	3.13561905e+00	1.43928789e-02	3.60583843e-03	1.07870405e-02
2.99            	-4.38832174e-03	3.13285391e+00	1.33351847e-01	6.22876018e-02	7.10642452e-02
3               	-5.00527682e-03	3.13151030e+00	2.47701152e-01	1.18845299e-01	1.28855853e-01
3.01            	-5.42701816e-03	3.13191394e+00	3.54909793e-01	1.72027879e-01	1.82881915e-01
3.02            	-5.64405857e-03	3.13426806e+00	4.48524624e-01	2.18618253e-01	2.29906370e-01
3.03            	-5.65524915e-03	3.13759122e+00	5.25412235e-01	2.57050868e-01	2.68361367e-01
3.04            	-5.44886284e-03	3.14325605e+00	5.86398293e-01	2.87750284e-01	2.98648009e-01
3.05            	-5.01778248e-03	3.14813490e+00	6.25619050e-01	3.07791742e-01	3.17827307e-01
3.06            	-4.38285821e-03	3.15231711e+00	6.43242132e-01	3.17238208e-01	3.26003924e-01
3.07            	-3.57220479e-03	3.15729811e+00	6.37509735e-01	3.15182663e-01	3.22327072e-01
3.08            	-2.62278521e-03	3.16064647e+00	6.11985780e-01	3.03370105e-01	3.08615675e-01
3.09            	-1.56194385e-03	3.16191175e+00	5.61244450e-01	2.79060281e-01	2.82184169e-01
3.1             	-4.20548753e-04	3.16123087e+00	4.92759600e-01	2.45959251e-01	2.46800349e-01
3.11            	7.61740273e-04	3.15930320e+00	4.05964347e-01	2.03743914e-01	2.02220433e-01
3.12            	1.94748923e-03	3.15527999e+00	3.03869416e-01	1.53882197e-01	1.49987219e-01
3.13            	3.10069250e-03	3.15075121e+00	1.92114055e-01	9.91577202e-02	9.29563352e-02
3.14            	4.17911123e-03	3.14585195e+00	7.16223030e-02	3.99902628e-02	3.16320403e-02
3.15            	5.14546174e-03	3.14119931e+00	-5.23864420e-02	-2.10477593e-02	-3.13386827e-02
3.16            	5.96944392e-03	3.13924246e+00	-1.75837079e-01	-8.19490954e-02	-9.38879833e-02
3.17            	6.60999066e-03	3.13803626e+00	-2.94285693e-01	-1.40532856e-01	-1.53752837e-01
3.18            	7.05106848e-03	3.13847056e+00	-4.03733820e-01	-1.94815842e-01	-2.08917979e-01
3.19            	7.27370212e-03	3.14038680e+00	-5.02134302e-01	-2.43793449e-01	-2.58340853e-01
3.2             	7.27663708e-03	3.14479452e+00	-5.81393192e-01	-2.83419959e-01	-2.97973233e-01
3.21            	7.05752899e-03	3.14997800e+00	-6.42242958e-01	-3.14063950e-01	-3.28179008e-01
3.22            	6.60665049e-03	3.15516039e+00	-6.83190878e-01	-3.34988788e-01	-3.48202089e-01
3.23            	5.95518338e-03	3.16050119e+00	-7.00890766e-01	-3.44490200e-01	-3.56400567e-01
3.24            	5.12601873e-03	3.16520311e+00	-6.95240271e-01	-3.42494117e-01	-3.52746154e-01
3.25            	4.14958968e-03	3.16852636e+00	-6.66045176e-01	-3.28872998e-01	-3.37172178e-01
3.26            	3.05681281e-03	3.16993663e+00	-6.15063439e-01	-3.04474907e-01	-3.10588532e-01
3.27            	1.88080879e-03	3.16970894e+00	-5.43405862e-01	-2.69822122e-01	-2.73583740e-01
3.28            	6.61524391e-04	3.16595315e+00	-4.53656670e-01	-2.26166811e-01	-2.27489860e-01
3.29            	-5.68479557e-04	3.16185076e+00	-3.48653613e-01	-1.74895286e-01	-1.73758327e-01
3.3             	-1.76356753e-03	3.15658619e+00	-2.32601037e-01	-1.18064086e-01	-1.14536951e-01
3.31            	-2.88411253e-03	3.15103903e+00	-1.07647584e-01	-5.67079044e-02	-5.09396793e-02
3.32            	-3.89251452e-03	3.14658191e+00	2.07860849e-02	6.50052793e-03	1.42855570e-02
3.33            	-4.75141501e-03	3.14315679e+00	1.48500215e-01	6.94986926e-02	7.90015226e-02
3.34            	-5.41818083e-03	3.14216093e+00	2.70504348e-01	1.29833993e-01	1.40670355e-01
3.35            	-5.87128081e-03	3.14307834e+00	3.83269411e-01	1.85763425e-01	1.97505986e-01
3.36            	-6.10391945e-03	3.14519467e+00	4.82703643e-01	2.35247902e-01	2.47455741e-01
3.37            	-6.11633746e-03	3.14947211e+00	5.66157552e-01	2.76962438e-01	2.89195113e-01
3.38            	-5.89427753e-03	3.15484037e+00	6.28247624e-01	3.08229535e-01	3.20018090e-01
3.39            	-5.43050473e-03	3.16009303e+00	6.69761974e-01	3.29450482e-01	3.40311492e-01
3.4             	-4.75093760e-03	3.16490661e+00	6.86264068e-01	3.38381097e-01	3.47882972e-01
3.41            	-3.88476020e-03	3.17059612e+00	6.79051536e-01	3.35641008e-01	3.43410528e-01
3.42            	-2.87275909e-03	3.17426407e+00	6.49984540e-01	3.22119511e-01	3.27865029e-01
3.43            	-1.74252244e-03	3.17530155e+00	5.95374640e-01	2.95944798e-01	2.99429843e-01
3.44            	-5.26914857e-04	3.17397462e+00	5.21096774e-01	2.60021472e-01	2.61075302e-01
3.45            	7.30998013e-04	3.17117005e+00	4.28565831e-01	2.15013914e-01	2.13551918e-01
3.46            	1.99407429e-03	3.16632624e+00	3.21527234e-01	1.62757691e-01	1.58769543e-01
3.47            	3.21642767e-03	3.16058276e+00	2.01285830e-01	1.03859343e-01	9.74264875e-02
3.48            	4.35815676e-03	3.15532192e+00	7.33022910e-02	4.10093023e-02	3.22929887e-02
3.49            	5.38400535e-03	3.15084088e+00	-5.76845085e-02	-2.34582489e-02	-3.42262596e-02
3.5             	6.25753207e-03	3.14740950e+00	-1.87580753e-01	-8.75328444e-02	-1.00047909e-01
3.51            	6.93685823e-03	3.14656803e+00	-3.11392368e-01	-1.48759326e-01	-1.62633042e-01
3.52            	7.40411167e-03	3.14627357e+00	-4.27377092e-01	-2.06284434e-01	-2.21092658e-01
3.53            	7.63989769e-03	3.14959343e+00	-5.27633248e-01	-2.56176726e-01	-2.71456522e-01
3.54            	7.64320630e-03	3.15317908e+00	-6.12969795e-01	-2.98841691e-01	-3.14128104e-01
3.55            	7.41322733e-03	3.15966423e+00	-6.75109837e-01	-3.30141691e-01	-3.44968146e-01
3.56            	6.93942921e-03	3.16522277e+00	-7.18113526e-01	-3.52117334e-01	-3.65996192e-01
3.57            	6.25263443e-03	3.17064483e+00	-7.34655500e-01	-3.61075115e-01	-3.73580384e-01
3.58            	5.38389807e-03	3.17596656e+00	-7.27532185e-01	-3.58382195e-01	-3.69149991e-01
3.59            	4.36103227e-03	3.17878886e+00	-6.96856738e-01	-3.44067337e-01	-3.52789401e-01
3.6             	3.21302000e-03	3.18015447e+00	-6.42130885e-01	-3.17852422e-01	-3.24278462e-01
3.61            	1.98011365e-03	3.17979993e+00	-5.66722885e-01	-2.81381329e-01	-2.85341556e-01
3.62            	7.00506451e-04	3.17585861e+00	-4.72412579e-01	-2.35505783e-01	-2.36906796e-01
3.63            	-5.88077684e-04	3.17089873e+00	-3.63995923e-01	-1.82586039e-01	-1.81409884e-01
3.64            	-1.83859375e-03	3.16406157e+00	-2.40358355e-01	-1.22017771e-01	-1.18340584e-01
3.65            	-3.01067815e-03	3.15826600e+00	-1.09979541e-01	-5.80004486e-02	-5.19790923e-02
3.66            	-4.06503391e-03	3.15302299e+00	2.35076967e-02	7.68881444e-03	1.58188823e-02
3.67            	-4.96444660e-03	3.14987033e+00	1.56006415e-01	7.30387610e-02	8.29676542e-02
3.68            	-5.66327296e-03	3.14889608e+00	2.83185951e-01	1.35929702e-01	1.47256248e-01
3.69            	-6.13864182e-03	3.14984684e+00	3.99777314e-01	1.93750015e-01	2.06027299e-01
3.7             	-6.38300636e-03	3.15182343e+00	5.03535527e-01	2.45384757e-01	2.58150770e-01
3.71            	-6.39739147e-03	3.15618872e+00	5.89433302e-01	2.88319260e-01	3.01114042e-01
3.72            	-6.16799951e-03	3.16244750e+00	6.53275999e-01	3.20470000e-01	3.32805999e-01
3.73            	-5.68637729e-03	3.16739344e+00	6.95601390e-01	3.42114318e-01	3.53487072e-01
3.74            	-4.98122787e-03	3.17334406e+00	7.12349189e-01	3.51193367e-01	3.61155822e-01
3.75            	-4.08312550e-03	3.17847056e+00	7.05299888e-01	3.48566819e-01	3.56733070e-01
3.76            	-3.03454304e-03	3.18249173e+00	6.73245158e-01	3.33588036e-01	3.39657122e-01
3.77            	-1.86259388e-03	3.18279556e+00	6.17079490e-01	3.06677151e-01	3.10402339e-01
3.78            	-6.03075392e-04	3.18218707e+00	5.39746296e-01	2.69270072e-01	2.70476223e-01
3.79            	6.99645885e-04	3.17810458e+00	4.43543010e-01	2.22471151e-01	2.21071859e-01
3.8             	2.00861034e-03	3.17300591e+00	3.33797075e-01	1.68907148e-01	1.64889927e-01
3.81            	3.27261980e-03	3.16701850e+00	2.08141479e-01	1.07343359e-01	1.00798120e-01
3.82            	4.45373066e-03	3.16069087e+00	7.62970780e-02	4.26022697e-02	3.36948084e-02
3.83            	5.51657342e-03	3.15599879e+00	-5.91376223e-02	-2.40522378e-02	-3.50853846e-02
3.84            	6.42122272e-03	3.15281872e+00	-1.92473162e-01	-8.98153585e-02	-1.02657804e-01
3.85            	7.12517425e-03	3.15075828e+00	-3.21033074e-01	-1.53391363e-01	-1.67641711e-01
3.86            	7.61048959e-03	3.15141693e+00	-4.39086588e-01	-2.11932804e-01	-2.27153783e-01
3.87            	7.85664030e-03	3.15450367e+00	-5.42888625e-01	-2.63587672e-01	-2.79300953e-01
3.88            	7.86262506e-03	3.15868042e+00	-6.29975865e-01	-3.07125308e-01	-3.22850558e-01
3.89            	7.62920247e-03	3.16528738e+00	-6.94576821e-01	-3.39659208e-01	-3.54917613e-01
3.9             	7.14465021e-03	3.17050254e+00	-7.37731256e-01	-3.61720978e-01	-3.76010278e-01
3.91            	6.43915270e-03	3.17666928e+00	-7.54333012e-01	-3.70727353e-01	-3.83605659e-01
3.92            	5.54795869e-03	3.18260371e+00	-7.46997493e-01	-3.67950788e-01	-3.79046705e-01
3.93            	4.49863032e-03	3.18506317e+00	-7.17210024e-01	-3.54106382e-01	-3.63103642e-01
3.94            	3.31977911e-03	3.18633293e+00	-6.59045010e-01	-3.26202726e-01	-3.32842284e-01
3.95            	2.05330808e-03	3.18543998e+00	-5.80869263e-01	-2.88381323e-01	-2.92487940e-01
3.96            	7.38840691e-04	3.18109155e+00	-4.83705123e-01	-2.41113721e-01	-2.42591402e-01
3.97            	-5.84967217e-04	3.17604056e+00	-3.71640266e-01	-1.86405100e-01	-1.85235166e-01
3.98            	-1.86990846e-03	3.16943635e+00	-2.46578926e-01	-1.25159371e-01	-1.21419555e-01
3.99            	-3.07212164e-03	3.16283064e+00	-1.12830063e-01	-5.94871533e-02	-5.33429100e-02
4               	-4.15524558e-03	3.15729643e+00	2.36855801e-02	7.68754447e-03	1.59980356e-02
4.01            	-5.08020803e-03	3.15370045e+00	1.59109342e-01	7.44744630e-02	8.46348791e-02
4.02            	-5.80039328e-03	3.15241501e+00	2.89283757e-01	1.38841485e-01	1.50442272e-01
4.03            	-6.29104927e-03	3.15303265e+00	4.09042151e-01	1.98230026e-01	2.10812125e-01
4.04            	-6.54506924e-03	3.15571939e+00	5.14695634e-01	2.50802748e-01	2.63892886e-01
4.05            	-6.56293847e-03	3.15986610e+00	6.02276195e-01	2.94575159e-01	3.07701036e-01
4.06            	-6.33200059e-03	3.16671271e+00	6.67086618e-01	3.27211308e-01	3.39875309e-01
4.07            	-5.84272043e-03	3.17185717e+00	7.10155463e-01	3.49235011e-01	3.60920452e-01
4.08            	-5.12432885e-03	3.17827764e+00	7.27413036e-01	3.58582189e-01	3.68830847e-01
4.09            	-4.20977060e-03	3.18289299e+00	7.20564906e-01	3.56072682e-01	3.64492224e-01
4.1             	-3.14131580e-03	3.18678943e+00	6.88066474e-01	3.40891921e-01	3.47174553e-01
4.11            	-1.94608028e-03	3.18722952e+00	6.30153973e-01	3.13130906e-01	3.17023067e-01
4.12            	-6.62169787e-04	3.18700662e+00	5.51223002e-01	2.74949331e-01	2.76273671e-01
4.13            	6.66708317e-04	3.18243895e+00	4.52638783e-01	2.26986100e-01	2.25652683e-01
4.14            	2.00260968e-03	3.17685470e+00	3.40275900e-01	1.72140560e-01	1.68135340e-01
4.15            	3.29156067e-03	3.17056259e+00	2.13133671e-01	1.09858396e-01	1.03275275e-01
4.16            	4.49653668e-03	3.16365934e+00	7.89293690e-02	4.39612212e-02	3.49681478e-02
4.17            	5.58160619e-03	3.15911318e+00	-5.87284605e-02	-2.37826241e-02	-3.49458365e-02
4.18            	6.50607361e-03	3.15560957e+00	-1.95093673e-01	-9.10407627e-02	-1.04052910e-01
4.19            	7.22691421e-03	3.15396073e+00	-3.24784318e-01	-1.55165245e-01	-1.69619073e-01
4.2             	7.72493446e-03	3.15437848e+00	-4.44412566e-01	-2.14481348e-01	-2.29931217e-01
4.21            	7.97971210e-03	3.15704580e+00	-5.50527796e-01	-2.67284186e-01	-2.83243610e-01
4.22            	7.98977738e-03	3.16169752e+00	-6.38594961e-01	-3.11307703e-01	-3.27287258e-01
4.23            	7.75696732e-03	3.16845628e+00	-7.04964228e-01	-3.44725147e-01	-3.60239081e-01
4.24            	7.26868816e-03	3.17410186e+00	-7.47892889e-01	-3.66677756e-01	-3.81215133e-01
4.25            	6.55528318e-03	3.18015676e+00	-7.65408443e-01	-3.76148938e-01	-3.89259505e-01
4.26            	5.65262982e-03	3.18655558e+00	-7.58866975e-01	-3.73780858e-01	-3.85086118e-01
4.27            	4.58992904e-03	3.18895699e+00	-7.27954907e-01	-3.59387524e-01	-3.68567382e-01
4.28            	3.39470947e-03	3.18949487e+00	-6.68770630e-01	-3.30990605e-01	-3.37780024e-01
4.29            	2.10966998e-03	3.18851508e+00	-5.90049199e-01	-2.92914930e-01	-2.97134270e-01
4.3             	7.75496494e-04	3.18446950e+00	-4.92043935e-01	-2.45246471e-01	-2.46797464e-01
4.31            	-5.68562445e-04	3.17878802e+00	-3.77886647e-01	-1.89511886e-01	-1.88374761e-01
4.32            	-1.87367075e-03	3.17207207e+00	-2.51349633e-01	-1.27548487e-01	-1.23801146e-01
4.33            	-3.09466450e-03	3.16553764e+00	-1.16952057e-01	-6.15706932e-02	-5.53813642e-02
4.34            	-4.19559304e-03	3.16009684e+00	2.19679093e-02	6.78836162e-03	1.51795477e-02
4.35            	-5.13699867e-03	3.15601017e+00	1.59731903e-01	7.47289527e-02	8.50029500e-02
4.36            	-5.87185353e-03	3.15426967e+00	2.90463299e-01	1.39359796e-01	1.51103503e-01
4.37            	-6.37347164e-03	3.15463107e+00	4.12866337e-01	2.00059697e-01	2.12806640e-01
4.38            	-6.63556990e-03	3.15815140e+00	5.19503856e-01	2.53116358e-01	2.66387498e-01
4.39            	-6.65809820e-03	3.16227340e+00	6.07919248e-01	2.97301526e-01	3.10617722e-01
4.4             	-6.42896506e-03	3.16862422e+00	6.74418034e-01	3.30780052e-01	3.43637982e-01
4.41            	-5.93804981e-03	3.17444433e+00	7.18257422e-01	3.53190661e-01	3.65066761e-01
4.42            	-5.21453182e-03	3.18070540e+00	7.35480071e-01	3.62525504e-01	3.72954567e-01
4.43            	-4.29260391e-03	3.18580303e+00	7.29683763e-01	3.60549278e-01	3.69134486e-01
4.44            	-3.21460953e-03	3.18940701e+00	6.95906818e-01	3.44738799e-01	3.51168018e-01
4.45            	-2.00726795e-03	3.19013855e+00	6.38164801e-01	3.17075133e-01	3.21089669e-01
4.46            	-7.09943875e-04	3.18979760e+00	5.58802833e-01	2.78691473e-01	2.80111360e-01
4.47            	6.33260473e-04	3.18423548e+00	4.59170277e-01	2.30218399e-01	2.28951878e-01
4.48            	1.98473998e-03	3.17921773e+00	3.44820456e-01	1.74394968e-01	1.70425488e-01
4.49            	3.28899369e-03	3.17280639e+00	2.17809772e-01	1.12193880e-01	1.05615892e-01
4.5             	4.50857469e-03	3.16576306e+00	8.20048181e-02	4.55109837e-02	3.64938344e-02
4.51            	5.60757966e-03	3.16080348e+00	-5.69519004e-02	-2.28683705e-02	-3.40835298e-02
4.52            	6.54538856e-03	3.15674643e+00	-1.94646142e-01	-9.07776824e-02	-1.03868459e-01
4.53            	7.27829738e-03	3.15581062e+00	-3.25876410e-01	-1.55659908e-01	-1.70216502e-01
4.54            	7.78542954e-03	3.15603901e+00	-4.47086973e-01	-2.15758057e-01	-2.31328916e-01
4.55            	8.04810666e-03	3.15851847e+00	-5.53748562e-01	-2.68826174e-01	-2.84922387e-01
4.56            	8.06299949e-03	3.16351272e+00	-6.43252767e-01	-3.13563384e-01	-3.29689383e-01
4.57            	7.83314259e-03	3.17023780e+00	-7.10270943e-01	-3.47302329e-01	-3.62968614e-01
4.58            	7.34518754e-03	3.17601484e+00	-7.53556786e-01	-3.69433206e-01	-3.84123581e-01
4.59            	6.62999802e-03	3.18209774e+00	-7.72070015e-01	-3.79405009e-01	-3.92665005e-01
4.6             	5.72245181e-03	3.18813976e+00	-7.66491428e-01	-3.77523262e-01	-3.88968166e-01
4.61            	4.65403987e-03	3.19091224e+00	-7.33892490e-01	-3.62292205e-01	-3.71600285e-01
4.62            	3.45094858e-03	3.19146216e+00	-6.75483286e-01	-3.34290694e-01	-3.41192592e-01
4.63            	2.15614234e-03	3.19027896e+00	-5.96609672e-01	-2.96148694e-01	-3.00460978e-01
4.64            	8.11109416e-04	3.18618706e+00	-4.98139024e-01	-2.48258403e-01	-2.49880622e-01
4.65            	-5.44528133e-04	3.18018916e+00	-3.82696943e-01	-1.91893000e-01	-1.90803943e-01
4.66            	-1.86171919e-03	3.17375467e+00	-2.55654730e-01	-1.29689084e-01	-1.25965646e-01
4.67            	-3.09433851e-03	3.16719519e+00	-1.19527357e-01	-6.28580170e-02	-5.66693400e-02
4.68            	-4.20687425e-03	3.16109870e+00	1.93236061e-02	5.45492881e-03	1.38686773e-02
4.69            	-5.15957287e-03	3.15734680e+00	1.58709647e-01	7.41952506e-02	8.45143963e-02
4.7             	-5.90517905e-03	3.15540094e+00	2.90146613e-01	1.39168127e-01	1.50978485e-01
4.71            	-6.41573161e-03	3.15551028e+00	4.13631947e-01	2.00400242e-01	2.13231705e-01
4.72            	-6.68489046e-03	3.15926956e+00	5.21539719e-01	2.54084969e-01	2.67454750e-01
4.73            	-6.71266520e-03	3.16387920e+00	6.10418376e-01	2.98496523e-01	3.11921853e-01
4.74            	-6.48751368e-03	3.16984737e+00	6.78251480e-01	3.32638226e-01	3.45613254e-01
4.75            	-5.99843249e-03	3.17587887e+00	7.22719664e-01	3.55361399e-01	3.67358264e-01
4.76            	-5.27447017e-03	3.18197579e+00	7.40169227e-01	3.64810143e-01	3.75359084e-01
4.77            	-4.35021351e-03	3.18729515e+00	7.34716033e-01	3.63007803e-01	3.71708230e-01
4.78            	-3.26844440e-03	3.19114958e+00	7.01014269e-01	3.47238690e-01	3.53775579e-01
4.79            	-2.05529285e-03	3.19169646e+00	6.43436514e-01	3.19662964e-01	3.23773550e-01
4.8             	-7.51170665e-04	3.19106753e+00	5.63935112e-01	2.81216385e-01	2.82718727e-01
4.81            	5.99909833e-04	3.18548727e+00	4.64433501e-01	2.32816660e-01	2.31616841e-01
4.82            	1.95984906e-03	3.18057028e+00	3.48546833e-01	1.76233265e-01	1.72313567e-01
4.83            	3.27357194e-03	3.17417727e+00	2.21804805e-01	1.14175974e-01	1.07628831e-01
4.84            	4.50250680e-03	3.16733137e+00	8.57721582e-02	4.73885859e-02	3.83835723e-02
4.85            	5.61071680e-03	3.16195930e+00	-5.42335015e-02	-2.15060340e-02	-3.27274675e-02
4.86            	6.55789338e-03	3.15770837e+00	-1.92417550e-01	-8.96508815e-02	-1.02766668e-01
4.87            	7.29995016e-03	3.15655330e+00	-3.25005476e-01	-1.55202788e-01	-1.69802688e-01
4.88            	7.81496923e-03	3.15698678e+00	-4.47180578e-01	-2.15775320e-01	-2.31405258e-01
4.89            	8.08475626e-03	3.15922659e+00	-5.54447348e-01	-2.69138918e-01	-2.85308430e-01
4.9             	8.10485677e-03	3.16441672e+00	-6.45067773e-01	-3.14429030e-01	-3.30638743e-01
4.91            	7.87958521e-03	3.17126800e+00	-7.12226561e-01	-3.48233695e-01	-3.63992866e-01
4.92            	7.39441415e-03	3.17701631e+00	-7.56591269e-01	-3.70901220e-01	-3.85690048e-01
4.93            	6.68069624e-03	3.18307531e+00	-7.75604189e-01	-3.81121398e-01	-3.94482791e-01
4.94            	5.77228643e-03	3.18897743e+00	-7.70451297e-01	-3.79453362e-01	-3.90997935e-01
4.95            	4.70216585e-03	3.19175492e+00	-7.37152861e-01	-3.63874265e-01	-3.73278596e-01
4.96            	3.49597819e-03	3.19274939e+00	-6.80181890e-01	-3.36594967e-01	-3.43586923e-01
4.97            	2.19666459e-03	3.19124961e+00	-6.01141936e-01	-2.98374303e-01	-3.02767632e-01
4.98            	8.45830948e-04	3.18711984e+00	-5.03183009e-01	-2.50745673e-01	-2.52437335e-01
4.99            	-5.16448551e-04	3.18116185e+00	-3.86635990e-01	-1.93834443e-01	-1.92801546e-01
5               	-1.84104183e-03	3.17463027e+00	-2.58919432e-01	-1.31300758e-01	-1.27618674e-01
5.01            	-3.08124627e-03	3.16813662e+00	-1.22725122e-01	-6.44438070e-02	-5.82813145e-02
5.02            	-4.20175414e-03	3.16163039e+00	1.64774619e-02	4.03697680e-03	1.24404851e-02
5.03            	-5.16265012e-03	3.15806433e+00	1.56660084e-01	7.31673921e-02	8.34926924e-02
5.04            	-5.91667829e-03	3.15636508e+00	2.89462186e-01	1.38814415e-01	1.50647771e-01
5.05            	-6.43470075e-03	3.15617478e+00	4.12993129e-01	2.00061864e-01	2.12931265e-01
5.06            	-6.71063693e-03	3.15994070e+00	5.21518974e-01	2.54048850e-01	2.67470124e-01
5.07            	-6.74382280e-03	3.16454204e+00	6.11095507e-01	2.98803931e-01	3.12291577e-01
5.08            	-6.52380576e-03	3.17047127e+00	6.79836238e-01	3.33394313e-01	3.46441925e-01
5.09            	-6.03853244e-03	3.17627013e+00	7.25248241e-01	3.56585588e-01	3.68662653e-01
5.1             	-5.31653792e-03	3.18250529e+00	7.42817348e-01	3.66092136e-01	3.76725212e-01
5.11            	-4.39294286e-03	3.18799971e+00	7.36967551e-01	3.64090833e-01	3.72876718e-01
5.12            	-3.31082570e-03	3.19182543e+00	7.03952473e-01	3.48665411e-01	3.55287062e-01
5.13            	-2.09571068e-03	3.19252186e+00	6.46821053e-01	3.21314816e-01	3.25506237e-01
5.14            	-7.88601945e-04	3.19177448e+00	5.67215356e-01	2.82819076e-01	2.84396280e-01
5.15            	5.66672637e-04	3.18628028e+00	4.69208257e-01	2.35170801e-01	2.34037456e-01
5.16            	1.93150629e-03	3.18133064e+00	3.52557918e-01	1.78210465e-01	1.74347453e-01
5.17            	3.25127378e-03	3.17499661e+00	2.25282817e-01	1.15892682e-01	1.09390135e-01
5.18            	4.48644042e-03	3.16818681e+00	8.94842709e-02	4.92285759e-02	4.02556950e-02
5.19            	5.60129987e-03	3.16259829e+00	-5.13937810e-02	-2.00955906e-02	-3.12981904e-02
5.2             	6.55569464e-03	3.15810389e+00	-1.89803985e-01	-8.83462980e-02	-1.01457687e-01
5.21            	7.30525945e-03	3.15696582e+00	-3.23318342e-01	-1.54353911e-01	-1.68964430e-01
5.22            	7.82706140e-03	3.15749885e+00	-4.45876652e-01	-2.15111265e-01	-2.30765387e-01
5.23            	8.10365566e-03	3.15975822e+00	-5.53557674e-01	-2.68675182e-01	-2.84882493e-01
5.24            	8.12937465e-03	3.16493804e+00	-6.45309909e-01	-3.14525580e-01	-3.30784329e-01
5.25            	7.90926045e-03	3.17173925e+00	-7.12537567e-01	-3.48359523e-01	-3.64178044e-01
5.26            	7.42832812e-03	3.17726261e+00	-7.58320807e-01	-3.71732075e-01	-3.86588731e-01
5.27            	6.71775485e-03	3.18354654e+00	-7.77579848e-01	-3.82072169e-01	-3.95507679e-01
5.28            	5.81060221e-03	3.18936280e+00	-7.72936621e-01	-3.80657708e-01	-3.92278913e-01
5.29            	4.74135050e-03	3.19238423e+00	-7.39845174e-01	-3.65181237e-01	-3.74663938e-01
5.3             	3.53473137e-03	3.19335962e+00	-6.83258312e-01	-3.38094425e-01	-3.45163888e-01
5.31            	2.23363541e-03	3.19194188e+00	-6.04156714e-01	-2.99844722e-01	-3.04311992e-01
5.32            	8.79867170e-04	3.18767985e+00	-5.06760689e-01	-2.52500477e-01	-2.54260212e-01
5.33            	-4.86291365e-04	3.18175735e+00	-3.90066126e-01	-1.95519354e-01	-1.94546772e-01
5.34            	-1.81565717e-03	3.17517293e+00	-2.62201097e-01	-1.32916206e-01	-1.29284891e-01
5.35            	-3.06123587e-03	3.16866536e+00	-1.26004527e-01	-6.60634994e-02	-5.99410276e-02
5.36            	-4.18778532e-03	3.16186657e+00	1.35220418e-02	2.57323559e-03	1.09488062e-02
5.37            	-5.15505958e-03	3.15853580e+00	1.54023360e-01	7.18566205e-02	8.21667397e-02
5.38            	-5.91624420e-03	3.15693998e+00	2.87468058e-01	1.37817785e-01	1.49650273e-01
5.39            	-6.44093327e-03	3.15661325e+00	4.11642816e-01	1.99380475e-01	2.12262341e-01
5.4             	-6.72335947e-03	3.16035589e+00	5.20190848e-01	2.53372065e-01	2.66818784e-01
5.41            	-6.76215112e-03	3.16482032e+00	6.10787288e-01	2.98631493e-01	3.12155795e-01
5.42            	-6.54781233e-03	3.17071882e+00	6.80034372e-01	3.33469374e-01	3.46564998e-01
5.43            	-6.06745491e-03	3.17645042e+00	7.26086817e-01	3.56975954e-01	3.69110863e-01
5.44            	-5.34904234e-03	3.18254231e+00	7.44269623e-01	3.66785769e-01	3.77483854e-01
5.45            	-4.42771297e-03	3.18829384e+00	7.38279203e-01	3.64711888e-01	3.73567314e-01
5.46            	-3.34708818e-03	3.19214615e+00	7.05985343e-01	3.49645583e-01	3.56339760e-01
5.47            	-2.13214501e-03	3.19296274e+00	6.49515409e-01	3.22625560e-01	3.26889850e-01
5.48            	-8.24161628e-04	3.19229162e+00	5.70122639e-01	2.84237158e-01	2.85885481e-01
5.49            	5.33111017e-04	3.18665380e+00	4.73007861e-01	2.37037042e-01	2.35970820e-01
5.5             	1.90072398e-03	3.18181277e+00	3.55886475e-01	1.79843962e-01	1.76042514e-01
5.51            	3.22454876e-03	3.17532193e+00	2.28528079e-01	1.17488588e-01	1.11039491e-01
5.52            	4.46440249e-03	3.16856195e+00	9.29620477e-02	5.09454264e-02	4.20166214e-02
5.53            	5.58460284e-03	3.16291836e+00	-4.81268567e-02	-1.84788255e-02	-2.96480312e-02
5.54            	6.54489559e-03	3.15835252e+00	-1.87021749e-01	-8.69659790e-02	-1.00055770e-01
5.55            	7.30127123e-03	3.15721158e+00	-3.20629302e-01	-1.53013380e-01	-1.67615922e-01
5.56            	7.82924920e-03	3.15776058e+00	-4.44003790e-01	-2.14172646e-01	-2.29831144e-01
5.57            	8.11246024e-03	3.16006759e+00	-5.52136304e-01	-2.67955692e-01	-2.84180612e-01
5.58            	8.14398915e-03	3.16513973e+00	-6.44241803e-01	-3.13976912e-01	-3.30264891e-01
5.59            	7.92959000e-03	3.17196699e+00	-7.12278139e-01	-3.48209479e-01	-3.64068659e-01
5.6             	7.45379054e-03	3.17759783e+00	-7.58846849e-01	-3.71969634e-01	-3.86877215e-01
5.61            	6.74730974e-03	3.18388499e+00	-7.78613067e-01	-3.82559224e-01	-3.96053843e-01
5.62            	5.84275738e-03	3.18944794e+00	-7.73694272e-01	-3.81004379e-01	-3.92689894e-01
5.63            	4.77565520e-03	3.19283306e+00	-7.41781138e-01	-3.66114914e-01	-3.75666224e-01
5.64            	3.57019964e-03	3.19368018e+00	-6.85525358e-01	-3.39192479e-01	-3.46332879e-01
5.65            	2.26889439e-03	3.19244401e+00	-6.07205136e-01	-3.01333673e-01	-3.05871462e-01
5.66            	9.13967722e-04	3.18814010e+00	-5.09934771e-01	-2.54053418e-01	-2.55881353e-01
5.67            	-4.54385179e-04	3.18229887e+00	-3.93335110e-01	-1.97121940e-01	-1.96213170e-01
5.68            	-1.78702648e-03	3.17561246e+00	-2.65735829e-01	-1.34654941e-01	-1.31080888e-01
5.69            	-3.03685925e-03	3.16896320e+00	-1.29375739e-01	-6.77247285e-02	-6.16510100e-02
5.7             	-4.16814193e-03	3.16198199e+00	1.06009909e-02	1.13235350e-03	9.46863736e-03
5.71            	-5.14108843e-03	3.15885578e+00	1.51117690e-01	7.04177564e-02	8.06999332e-02
5.72            	-5.90880174e-03	3.15720414e+00	2.84793294e-01	1.36487845e-01	1.48305449e-01
5.73            	-6.43982340e-03	3.15677507e+00	4.09491359e-01	1.98305856e-01	2.11185503e-01
5.74            	-6.72857655e-03	3.16070306e+00	5.18152468e-01	2.52347657e-01	2.65804810e-01
5.75            	-6.77315855e-03	3.16494790e+00	6.09922741e-01	2.98188212e-01	3.11734529e-01
5.76            	-6.56494078e-03	3.17083101e+00	6.79467310e-01	3.33168714e-01	3.46298596e-01
5.77            	-6.09013801e-03	3.17656391e+00	7.26187700e-01	3.57003712e-01	3.69183988e-01
5.78            	-5.37633436e-03	3.18246426e+00	7.44892576e-01	3.67069954e-01	3.77822622e-01
5.79            	-4.45811945e-03	3.18812891e+00	7.38744665e-01	3.64914213e-01	3.73830452e-01
5.8             	-3.37967496e-03	3.19235829e+00	7.07668537e-01	3.50454594e-01	3.57213944e-01
5.81            	-2.16614535e-03	3.19311752e+00	6.51691494e-01	3.23679602e-01	3.28011892e-01
5.82            	-8.58384209e-04	3.19257074e+00	5.72733005e-01	2.85508118e-01	2.87224886e-01
5.83            	4.99635998e-04	3.18691687e+00	4.75957604e-01	2.38478438e-01	2.37479166e-01
5.84            	1.86894336e-03	3.18218790e+00	3.59022782e-01	1.81380334e-01	1.77642448e-01
5.85            	3.19566768e-03	3.17551382e+00	2.31158148e-01	1.18774742e-01	1.12383406e-01
5.86            	4.43929158e-03	3.16878627e+00	9.61431702e-02	5.25108767e-02	4.36322935e-02
5.87            	5.56396698e-03	3.16311839e+00	-4.46671929e-02	-1.67696295e-02	-2.78975634e-02
5.88            	6.52938286e-03	3.15841273e+00	-1.84006666e-01	-8.54739504e-02	-9.85327161e-02
5.89            	7.29187474e-03	3.15741551e+00	-3.17307710e-01	-1.51361980e-01	-1.65945730e-01
5.9             	7.82573631e-03	3.15786924e+00	-4.41766510e-01	-2.13057519e-01	-2.28708991e-01
5.91            	8.11556605e-03	3.16026960e+00	-5.50357868e-01	-2.67063368e-01	-2.83294500e-01
5.92            	8.15281968e-03	3.16520877e+00	-6.42709660e-01	-3.13202010e-01	-3.29507649e-01
5.93            	7.94440494e-03	3.17217051e+00	-7.11496123e-01	-3.47803657e-01	-3.63692467e-01
5.94            	7.47418313e-03	3.17765663e+00	-7.58752359e-01	-3.71901996e-01	-3.86850363e-01
5.95            	6.77253719e-03	3.18400843e+00	-7.79072770e-01	-3.82763848e-01	-3.96308922e-01
5.96            	5.87135411e-03	3.18943312e+00	-7.74225689e-01	-3.81241490e-01	-3.92984199e-01
5.97            	4.80707085e-03	3.19293924e+00	-7.43185369e-01	-3.66785614e-01	-3.76399756e-01
5.98            	3.60339310e-03	3.19382356e+00	-6.87523833e-01	-3.40158524e-01	-3.47365310e-01
5.99            	2.30275772e-03	3.19275097e+00	-6.10016391e-01	-3.02705438e-01	-3.07310953e-01
6               	9.47592866e-04	3.18856985e+00	-5.12890705e-01	-2.55497760e-01	-2.57392945e-01
6.01            	-4.22024256e-04	3.18269643e+00	-3.96431047e-01	-1.98637548e-01	-1.97793499e-01
6.02            	-1.75724046e-03	3.17592647e+00	-2.69019341e-01	-1.36266911e-01	-1.32752430e-01
6.03            	-3.01028344e-03	3.16920535e+00	-1.32733040e-01	-6.93768033e-02	-6.33562364e-02
6.04            	-4.14571374e-03	3.16224815e+00	7.47768106e-03	-4.06873210e-04	7.88455427e-03
6.05            	-5.12368158e-03	3.15918900e+00	1.48141082e-01	6.89468593e-02	7.91942224e-02
6.06            	-5.89743373e-03	3.15752257e+00	2.81928625e-01	1.35066879e-01	1.46861746e-01
6.07            	-6.43465673e-03	3.15675475e+00	4.06839808e-01	1.96985248e-01	2.09854561e-01
6.08            	-6.72958021e-03	3.16084716e+00	5.15952982e-01	2.51246911e-01	2.64706071e-01
6.09            	-6.77998716e-03	3.16506196e+00	6.08596289e-01	2.97518158e-01	3.11078132e-01
6.1             	-6.57800054e-03	3.17079298e+00	6.78257934e-01	3.32550966e-01	3.45706967e-01
6.11            	-6.10896839e-03	3.17660677e+00	7.25737559e-01	3.56759811e-01	3.68977748e-01
6.12            	-5.40018609e-03	3.18237083e+00	7.45187068e-01	3.67193348e-01	3.77993720e-01
6.13            	-4.48565533e-03	3.18818715e+00	7.39438860e-01	3.65233775e-01	3.74205085e-01
6.14            	-3.41013171e-03	3.19246029e+00	7.08939437e-01	3.51059587e-01	3.57879850e-01
6.15            	-2.19866401e-03	3.19320616e+00	6.53493569e-01	3.24548120e-01	3.28945449e-01
6.16            	-8.91951274e-04	3.19262160e+00	5.75315149e-01	2.86765623e-01	2.88549526e-01
6.17            	4.66113002e-04	3.18718493e+00	4.78393016e-01	2.39662621e-01	2.38730395e-01
6.18            	1.83641862e-03	3.18238083e+00	3.62073077e-01	1.82872957e-01	1.79200120e-01
6.19            	3.16548633e-03	3.17560794e+00	2.34045829e-01	1.20188401e-01	1.13857428e-01
6.2             	4.41222266e-03	3.16899542e+00	9.89490446e-02	5.38867450e-02	4.50622997e-02
6.21            	5.54072605e-03	3.16326577e+00	-4.13556828e-02	-1.51371153e-02	-2.62185674e-02
6.22            	6.51090651e-03	3.15844882e+00	-1.80894792e-01	-8.39364897e-02	-9.69583027e-02
6.23            	7.27930628e-03	3.15760892e+00	-3.14267373e-01	-1.49854380e-01	-1.64412993e-01
6.24            	7.81902405e-03	3.15792556e+00	-4.39133037e-01	-2.11747494e-01	-2.27385542e-01
6.25            	8.11533074e-03	3.16036944e+00	-5.48020820e-01	-2.65895079e-01	-2.82125741e-01
6.26            	8.15826044e-03	3.16520504e+00	-6.40910307e-01	-3.12296893e-01	-3.28613414e-01
6.27            	7.95593163e-03	3.17217403e+00	-7.10580485e-01	-3.47334311e-01	-3.63246174e-01
6.28            	7.49150690e-03	3.17773590e+00	-7.58120075e-01	-3.71568530e-01	-3.86551544e-01
6.29            	6.79498123e-03	3.18397932e+00	-7.79120720e-01	-3.82765379e-01	-3.96355341e-01
6.3             	5.89750234e-03	3.18926009e+00	-7.74730913e-01	-3.81467954e-01	-3.93262959e-01
6.31            	4.83654967e-03	3.19270625e+00	-7.44130974e-01	-3.67228937e-01	-3.76902037e-01
6.32            	3.63531449e-03	3.19388536e+00	-6.89310379e-01	-3.41019875e-01	-3.48290504e-01
6.33            	2.33599945e-03	3.19286775e+00	-6.12478170e-01	-3.03903086e-01	-3.08575085e-01
6.34            	9.81092803e-04	3.18884914e+00	-5.15371880e-01	-2.56704847e-01	-2.58667033e-01
6.35            	-3.89248060e-04	3.18303635e+00	-3.99391321e-01	-2.00084909e-01	-1.99306413e-01
6.36            	-1.72647907e-03	3.17613622e+00	-2.72262421e-01	-1.37857690e-01	-1.34404732e-01
6.37            	-2.98226025e-03	3.16940106e+00	-1.36117324e-01	-7.10409223e-02	-6.50764018e-02
6.38            	-4.12153730e-03	3.16252967e+00	4.24770644e-03	-1.99768408e-03	6.24539052e-03
6.39            	-5.10410810e-03	3.15948421e+00	1.44930484e-01	6.73611341e-02	7.75693503e-02
6.4             	-5.88368315e-03	3.15766966e+00	2.78960234e-01	1.33596434e-01	1.45363800e-01
6.41            	-6.42679077e-03	3.15693356e+00	4.03786039e-01	1.95466229e-01	2.08319810e-01
6.42            	-6.72798132e-03	3.16086803e+00	5.13725182e-01	2.50134609e-01	2.63590572e-01
6.43            	-6.78415230e-03	3.16491202e+00	6.06881631e-01	2.96656663e-01	3.10224968e-01
6.44            	-6.58848937e-03	3.17075057e+00	6.77055955e-01	3.31939488e-01	3.45116467e-01
6.45            	-6.12547367e-03	3.17669790e+00	7.25002080e-01	3.56375567e-01	3.68626514e-01
6.46            	-5.42195924e-03	3.18218915e+00	7.45217184e-01	3.67186633e-01	3.78030551e-01
6.47            	-4.51149126e-03	3.18828683e+00	7.40197558e-01	3.65587288e-01	3.74610270e-01
6.48            	-3.43925687e-03	3.19263844e+00	7.09987716e-01	3.51554601e-01	3.58433115e-01
6.49            	-2.23019413e-03	3.19333100e+00	6.55290425e-01	3.25415019e-01	3.29875407e-01
6.5             	-9.24789302e-04	3.19266569e+00	5.77620919e-01	2.87885670e-01	2.89735249e-01
6.51            	4.32985011e-04	3.18738802e+00	4.80576285e-01	2.40721128e-01	2.39855158e-01
6.52            	1.80392255e-03	3.18244803e+00	3.64961267e-01	1.84284556e-01	1.80676711e-01
6.53            	3.13496794e-03	3.17577202e+00	2.37186205e-01	1.21728071e-01	1.15458135e-01
6.54            	4.38443441e-03	3.16921092e+00	1.02074812e-01	5.54218403e-02	4.66529715e-02
6.55            	5.51667167e-03	3.16340616e+00	-3.75937821e-02	-1.32802194e-02	-2.43135627e-02
6.56            	6.49143514e-03	3.15843915e+00	-1.77553464e-01	-8.22852971e-02	-9.52681674e-02
6.57            	7.26557415e-03	3.15771032e+00	-3.11084948e-01	-1.48276900e-01	-1.62808048e-01
6.58            	7.81087184e-03	3.15798130e+00	-4.36488083e-01	-2.10433170e-01	-2.26054913e-01
6.59            	8.11366478e-03	3.16042060e+00	-5.45767454e-01	-2.64770062e-01	-2.80997392e-01
6.6             	8.16253996e-03	3.16520009e+00	-6.38501112e-01	-3.11088016e-01	-3.27413096e-01
6.61            	7.96635123e-03	3.17212768e+00	-7.09569142e-01	-3.46818220e-01	-3.62750922e-01
6.62            	7.50783820e-03	3.17759128e+00	-7.57524125e-01	-3.71254224e-01	-3.86269901e-01
6.63            	6.81657656e-03	3.18387485e+00	-7.79066596e-01	-3.82716721e-01	-3.96349874e-01
6.64            	5.92297388e-03	3.18911782e+00	-7.75053626e-01	-3.81603839e-01	-3.93449787e-01
6.65            	4.86551929e-03	3.19266839e+00	-7.45391964e-01	-3.67830463e-01	-3.77561501e-01
6.66            	3.66697122e-03	3.19395832e+00	-6.91034411e-01	-3.41850234e-01	-3.49184177e-01
6.67            	2.36901377e-03	3.19261739e+00	-6.14787112e-01	-3.05024542e-01	-3.09762570e-01
6.68            	1.01457663e-03	3.18899002e+00	-5.17778453e-01	-2.57874650e-01	-2.59903803e-01
6.69            	-3.56246351e-04	3.18311534e+00	-4.02581637e-01	-2.01647065e-01	-2.00934572e-01
6.7             	-1.69533099e-03	3.17633150e+00	-2.75485580e-01	-1.39438121e-01	-1.36047459e-01
6.71            	-2.95382971e-03	3.16958001e+00	-1.39469812e-01	-7.26887356e-02	-6.67810761e-02
6.72            	-4.09691263e-03	3.16284034e+00	8.95397524e-04	-3.64921387e-03	4.54461139e-03
6.73            	-5.08374451e-03	3.15961570e+00	1.41528304e-01	6.56804073e-02	7.58478963e-02
6.74            	-5.86904673e-03	3.15775459e+00	2.75847132e-01	1.32054519e-01	1.43792613e-01
6.75            	-6.41802141e-03	3.15714275e+00	4.00726081e-01	1.93945019e-01	2.06781062e-01
6.76            	-6.72547682e-03	3.16077917e+00	5.11448658e-01	2.48998852e-01	2.62449806e-01
6.77            	-6.78737220e-03	3.16443238e+00	6.04721437e-01	2.95573346e-01	3.09148091e-01
6.78            	-6.59812072e-03	3.17080167e+00	6.75974522e-01	3.31389140e-01	3.44585382e-01
6.79            	-6.14135514e-03	3.17665125e+00	7.24189714e-01	3.55953502e-01	3.68236212e-01
6.8             	-5.44319898e-03	3.18203084e+00	7.45734107e-01	3.67423854e-01	3.78310252e-01
6.81            	-4.53697923e-03	3.18839436e+00	7.40926651e-01	3.65926346e-01	3.75000305e-01
6.82            	-3.46824912e-03	3.19259520e+00	7.11011225e-01	3.52037363e-01	3.58973862e-01
6.83            	-2.26182007e-03	3.19346521e+00	6.57072243e-01	3.26274302e-01	3.30797942e-01
6.84            	-9.58006418e-04	3.19276041e+00	5.79863302e-01	2.88973644e-01	2.90889657e-01
6.85            	3.99283878e-04	3.18757671e+00	4.83107961e-01	2.41953264e-01	2.41154696e-01
6.86            	1.77061421e-03	3.18250149e+00	3.67808155e-01	1.85674692e-01	1.82133463e-01
6.87            	3.10348171e-03	3.17608101e+00	2.40467140e-01	1.23337052e-01	1.17130088e-01
6.88            	4.35567696e-03	3.16945136e+00	1.05228983e-01	5.69701687e-02	4.82588148e-02
6.89            	5.49157112e-03	3.16350416e+00	-3.42690547e-02	-1.16429562e-02	-2.26260985e-02
6.9             	6.47073508e-03	3.15841896e+00	-1.74166573e-01	-8.06125512e-02	-9.35540213e-02
6.91            	7.25055569e-03	3.15773493e+00	-3.08182425e-01	-1.46840657e-01	-1.61341768e-01
6.92            	7.80144048e-03	3.15803146e+00	-4.33672882e-01	-2.09035000e-01	-2.24637881e-01
6.93            	8.11065263e-03	3.16034968e+00	-5.43413072e-01	-2.63595883e-01	-2.79817189e-01
6.94            	8.16559001e-03	3.16519621e+00	-6.36134482e-01	-3.09901651e-01	-3.26232831e-01
6.95            	7.97549122e-03	3.17198455e+00	-7.08558950e-01	-3.46303984e-01	-3.62254966e-01
6.96            	7.52300545e-03	3.17733711e+00	-7.56907253e-01	-3.70930621e-01	-3.85976632e-01
6.97            	6.83726105e-03	3.18376640e+00	-7.78827052e-01	-3.82576265e-01	-3.96250787e-01
6.98            	5.94771644e-03	3.18904306e+00	-7.74996710e-01	-3.81550639e-01	-3.93446072e-01
6.99            	4.89391136e-03	3.19250134e+00	-7.46652327e-01	-3.68432252e-01	-3.78220075e-01
7               	3.69831994e-03	3.19417807e+00	-6.92708582e-01	-3.42655971e-01	-3.50052611e-01
7.01            	2.40199938e-03	3.19258985e+00	-6.17015108e-01	-3.06105555e-01	-3.10909554e-01
7.02            	1.04826529e-03	3.18911992e+00	-5.20281240e-01	-2.59092355e-01	-2.61188885e-01
7.03            	-3.22917983e-04	3.18296106e+00	-4.05929343e-01	-2.03287590e-01	-2.02641754e-01
7.04            	-1.66369903e-03	3.17663887e+00	-2.78768107e-01	-1.41047753e-01	-1.37720355e-01
7.05            	-2.92464603e-03	3.16974340e+00	-1.42806540e-01	-7.43279160e-02	-6.84786239e-02
7.06            	-4.07112982e-03	3.16321699e+00	-2.52773341e-03	-5.33499653e-03	2.80726311e-03
7.07            	-5.06251681e-03	3.15977198e+00	1.37456892e-01	6.36659291e-02	7.37909627e-02
7.08            	-5.85345543e-03	3.15780806e+00	2.72433673e-01	1.30363381e-01	1.42070292e-01
7.09            	-6.40820689e-03	3.15720562e+00	3.97908894e-01	1.92546240e-01	2.05362654e-01
7.1             	-6.72188850e-03	3.16059729e+00	5.08929683e-01	2.47742953e-01	2.61186730e-01
7.11            	-6.78942669e-03	3.16416224e+00	6.02798377e-01	2.94609762e-01	3.08188615e-01
7.12            	-6.60683168e-03	3.17070095e+00	6.74444876e-01	3.30615606e-01	3.43829270e-01
7.13            	-6.15626867e-03	3.17658713e+00	7.23281761e-01	3.55484612e-01	3.67797149e-01
7.14            	-5.46379375e-03	3.18201533e+00	7.46251158e-01	3.67661785e-01	3.78589373e-01
7.15            	-4.56185806e-03	3.18855945e+00	7.41504721e-01	3.66190502e-01	3.75314218e-01
7.16            	-3.49654640e-03	3.19264665e+00	7.12447893e-01	3.52727400e-01	3.59720493e-01
7.17            	-2.29295156e-03	3.19355490e+00	6.58779003e-01	3.27096550e-01	3.31682453e-01
7.18            	-9.90821897e-04	3.19281805e+00	5.82180529e-01	2.90099443e-01	2.92081086e-01
7.19            	3.65832680e-04	3.18785063e+00	4.85628105e-01	2.43179885e-01	2.42448220e-01
7.2             	1.73743863e-03	3.18267239e+00	3.70705694e-01	1.87090286e-01	1.83615408e-01
7.21            	3.07192519e-03	3.17627092e+00	2.43785693e-01	1.24964772e-01	1.18820921e-01
7.22            	4.32666666e-03	3.16962990e+00	1.08040080e-01	5.83467067e-02	4.96933734e-02
7.23            	5.46609908e-03	3.16360113e+00	-3.09283551e-02	-9.99807849e-03	-2.09302767e-02
7.24            	6.44954234e-03	3.15838547e+00	-1.70745402e-01	-7.89231586e-02	-9.18222433e-02
7.25            	7.23479502e-03	3.15775833e+00	-3.05215976e-01	-1.45373193e-01	-1.59842783e-01
7.26            	7.79121875e-03	3.15807354e+00	-4.30847512e-01	-2.07632537e-01	-2.23214975e-01
7.27            	8.10682727e-03	3.16035605e+00	-5.41012134e-01	-2.62399240e-01	-2.78612894e-01
7.28            	8.16763448e-03	3.16515298e+00	-6.34029049e-01	-3.08846890e-01	-3.25182159e-01
7.29            	7.98366043e-03	3.17170802e+00	-7.07239083e-01	-3.45635881e-01	-3.61603202e-01
7.3             	7.53730990e-03	3.17713764e+00	-7.56217943e-01	-3.70571662e-01	-3.85646281e-01
7.31            	6.85714080e-03	3.18364486e+00	-7.78553382e-01	-3.82419550e-01	-3.96133832e-01
7.32            	5.97176127e-03	3.18887982e+00	-7.74916214e-01	-3.81486346e-01	-3.93429868e-01
7.33            	4.92171801e-03	3.19250007e+00	-7.47955338e-01	-3.69055951e-01	-3.78899387e-01
7.34            	3.72896617e-03	3.19432796e+00	-6.94456282e-01	-3.43499175e-01	-3.50957107e-01
7.35            	2.43433793e-03	3.19260366e+00	-6.19475032e-01	-3.07303178e-01	-3.12171854e-01
7.36            	1.08158693e-03	3.18924936e+00	-5.22730896e-01	-2.60283861e-01	-2.62447035e-01
7.37            	-2.89717904e-04	3.18298019e+00	-4.08802425e-01	-2.04690931e-01	-2.04111495e-01
7.38            	-1.63228399e-03	3.17684684e+00	-2.81973036e-01	-1.42618802e-01	-1.39354234e-01
7.39            	-2.89517118e-03	3.16987634e+00	-1.45956936e-01	-7.58736390e-02	-7.00832966e-02
7.4             	-4.04507271e-03	3.16343575e+00	-6.18232746e-03	-7.13623644e-03	9.53908975e-04
7.41            	-5.04084578e-03	3.15985265e+00	1.33576953e-01	6.17476308e-02	7.18293224e-02
7.42            	-5.83737583e-03	3.15749914e+00	2.69495385e-01	1.28910317e-01	1.40585068e-01
7.43            	-6.39784732e-03	3.15725341e+00	3.95032659e-01	1.91118482e-01	2.03914177e-01
7.44            	-6.71765671e-03	3.16038741e+00	5.06752296e-01	2.46658491e-01	2.60093805e-01
7.45            	-6.79095818e-03	3.16395704e+00	6.01019001e-01	2.93718542e-01	3.07300459e-01
7.46            	-6.61500542e-03	3.17034546e+00	6.73235093e-01	3.30002541e-01	3.43232552e-01
7.47            	-6.17042425e-03	3.17653093e+00	7.22292382e-01	3.54975767e-01	3.67316615e-01
7.48            	-5.48366605e-03	3.18199659e+00	7.45921074e-01	3.67476871e-01	3.78444203e-01
7.49            	-4.58608865e-03	3.18859082e+00	7.41910358e-01	3.66369090e-01	3.75541267e-01
7.5             	-3.52430733e-03	3.19255307e+00	7.13855900e-01	3.53403643e-01	3.60452257e-01
7.51            	-2.32359036e-03	3.19361741e+00	6.60450501e-01	3.27901660e-01	3.32548841e-01
7.52            	-1.02337877e-03	3.19287291e+00	5.84657914e-01	2.91305578e-01	2.93352336e-01
7.53            	3.32469830e-04	3.18807140e+00	4.88021812e-01	2.44343376e-01	2.43678436e-01
7.54            	1.70427583e-03	3.18288767e+00	3.73524201e-01	1.88466377e-01	1.85057825e-01
7.55            	3.04026344e-03	3.17635626e+00	2.46953394e-01	1.26516960e-01	1.20436434e-01
7.56            	4.29745765e-03	3.16975787e+00	1.11177591e-01	5.98862530e-02	5.12913377e-02
7.57            	5.44009294e-03	3.16372605e+00	-2.76116948e-02	-8.36575445e-03	-1.92459403e-02
7.58            	6.42780108e-03	3.15854925e+00	-1.67478609e-01	-7.73115036e-02	-9.01671057e-02
7.59            	7.21845030e-03	3.15781252e+00	-3.02191936e-01	-1.43877518e-01	-1.58314418e-01
7.6             	7.78060706e-03	3.15812729e+00	-4.28126790e-01	-2.06282788e-01	-2.21844002e-01
7.61            	8.10249236e-03	3.16042158e+00	-5.38380386e-01	-2.61087701e-01	-2.77292686e-01
7.62            	8.16900728e-03	3.16509794e+00	-6.32116003e-01	-3.07888994e-01	-3.24227009e-01
7.63            	7.99124941e-03	3.17158953e+00	-7.05683041e-01	-3.44850271e-01	-3.60832770e-01
7.64            	7.55099747e-03	3.17704000e+00	-7.55287615e-01	-3.70092810e-01	-3.85194805e-01
7.65            	6.87633183e-03	3.18338741e+00	-7.78336256e-01	-3.82291796e-01	-3.96044460e-01
7.66            	5.99522381e-03	3.18893923e+00	-7.75416134e-01	-3.81712843e-01	-3.93703291e-01
7.67            	4.94897871e-03	3.19237543e+00	-7.49027269e-01	-3.69564656e-01	-3.79462613e-01
7.68            	3.75928271e-03	3.19442586e+00	-6.96184543e-01	-3.44332989e-01	-3.51851554e-01
7.69            	2.46654290e-03	3.19261775e+00	-6.22191287e-01	-3.08629100e-01	-3.13562186e-01
7.7             	1.11481823e-03	3.18937501e+00	-5.25209157e-01	-2.61489760e-01	-2.63719397e-01
7.71            	-2.56568268e-04	3.18334962e+00	-4.11778319e-01	-2.06145728e-01	-2.05632591e-01
7.72            	-1.60065136e-03	3.17698714e+00	-2.85123647e-01	-1.44162475e-01	-1.40961172e-01
7.73            	-2.86529866e-03	3.17000469e+00	-1.49164721e-01	-7.74476593e-02	-7.17170620e-02
7.74            	-4.01879945e-03	3.16361364e+00	-9.75746979e-03	-8.89753435e-03	-8.59935442e-04
7.75            	-5.01879167e-03	3.15982960e+00	1.30304136e-01	6.01332763e-02	7.01708596e-02
7.76            	-5.82078475e-03	3.15718597e+00	2.66490791e-01	1.27424611e-01	1.39066180e-01
7.77            	-6.38708897e-03	3.15722468e+00	3.92092010e-01	1.89658916e-01	2.02433094e-01
7.78            	-6.71297089e-03	3.16021209e+00	5.04306483e-01	2.45440271e-01	2.58866213e-01
7.79            	-6.79204276e-03	3.16386922e+00	5.98870309e-01	2.92643112e-01	3.06227197e-01
7.8             	-6.62236352e-03	3.16991980e+00	6.71790500e-01	3.29272886e-01	3.42517613e-01
7.81            	-6.18413312e-03	3.17643812e+00	7.21222873e-01	3.54427303e-01	3.66795569e-01
7.82            	-5.50300698e-03	3.18193049e+00	7.45607693e-01	3.67300839e-01	3.78306853e-01
7.83            	-4.60993963e-03	3.18855942e+00	7.42153863e-01	3.66466992e-01	3.75686871e-01
7.84            	-3.55175878e-03	3.19251354e+00	7.15049642e-01	3.53973062e-01	3.61076580e-01
7.85            	-2.35404409e-03	3.19366054e+00	6.61951824e-01	3.28621868e-01	3.33329956e-01
7.86            	-1.05572108e-03	3.19288491e+00	5.86946271e-01	2.92417414e-01	2.94528856e-01
7.87            	2.99362906e-04	3.18815209e+00	4.90373518e-01	2.45486122e-01	2.44887396e-01
7.88            	1.67133616e-03	3.18304952e+00	3.76341937e-01	1.89842305e-01	1.86499632e-01
7.89            	3.00879202e-03	3.17643946e+00	2.50260817e-01	1.28139201e-01	1.22121617e-01
7.9             	4.26831803e-03	3.16988596e+00	1.14879185e-01	6.17079104e-02	5.31712744e-02
7.91            	5.41429145e-03	3.16390711e+00	-2.43738343e-02	-6.77262570e-03	-1.76012086e-02
7.92            	6.40625204e-03	3.15887327e+00	-1.64443807e-01	-7.58156513e-02	-8.86281554e-02
7.93            	7.20236974e-03	3.15783345e+00	-2.99045415e-01	-1.42320338e-01	-1.56725077e-01
7.94            	7.76995640e-03	3.15820876e+00	-4.25171282e-01	-2.04815685e-01	-2.20355597e-01
7.95            	8.09831258e-03	3.16046830e+00	-5.35653818e-01	-2.59728596e-01	-2.75925222e-01
7.96            	8.17062538e-03	3.16510498e+00	-6.30524094e-01	-3.07091421e-01	-3.23432672e-01
7.97            	7.99920317e-03	3.17139402e+00	-7.04256347e-01	-3.44128970e-01	-3.60127377e-01
7.98            	7.56509939e-03	3.17686484e+00	-7.54419271e-01	-3.69644536e-01	-3.84774735e-01
7.99            	6.89589006e-03	3.18301230e+00	-7.78276361e-01	-3.82242291e-01	-3.96034071e-01
8               	6.01906786e-03	3.18886536e+00	-7.76439697e-01	-3.82200781e-01	-3.94238916e-01
