FoamFile
{
    format      ascii;
    class       dictionary;
    object      blockMeshDict;
}

scale 1;

vertices
(
    (-0.12 -0.025 -0.025)
    (-0.12  0.025 -0.025)
    (-0.12  0.025  0.025)
    (-0.12 -0.025  0.025)

    (0.00 -0.075 -0.075)
    (0.00  0.075 -0.075)
    (0.00  0.075  0.075)
    (0.00 -0.075  0.075)

    (0.35 -0.075 -0.075)
    (0.35  0.075 -0.075)
    (0.35  0.075  0.075)
    (0.35 -0.075  0.075)

    (0.50 -0.025 -0.025)
    (0.50  0.025 -0.025)
    (0.50  0.025  0.025)
    (0.50 -0.025  0.025)
);

blocks
(
    hex (0 4 5 1 3 7 6 2)      (20 30 30) simpleGrading (1 1 1)
    hex (4 8 9 5 7 11 10 6)    (60 30 30) simpleGrading (1 1 1)
    hex (8 12 13 9 11 15 14 10) (25 30 30) simpleGrading (1 1 1)
);

edges
(
);

boundary
(
    inlet
    {
        type patch;
        faces
        (
            (0 3 2 1)
        );
    }

    outlet
    {
        type patch;
        faces
        (
            (12 13 14 15)
        );
    }

    walls
    {
        type wall;
        faces
        (
            (0 4 7 3)
            (1 2 6 5)
            (0 1 5 4)
            (3 7 6 2)

            (4 8 11 7)
            (5 6 10 9)
            (4 5 9 8)
            (7 11 10 6)

            (8 12 15 11)
            (9 10 14 13)
            (8 9 13 12)
            (11 15 14 10)
        );
    }
);

mergePatchPairs
(
);